time	flux
23.833843824002543	0.995620591003108
24.167179824002545	0.9996597479577541
24.500515824002548	1.0008371576588118
24.83385182400255	0.9989303082734224
25.167187824002553	0.9989180568831859
25.500523824002556	0.9991171812636866
25.83385982400256	0.9979540640368149
26.16719582400256	1.0026849572553123
26.500531824002564	1.001678953336047
26.833867824002567	0.9981313306242002
27.16720382400257	0.9951734193755535
27.500539824002573	0.9999246032726458
27.833875824002575	1.0005095092823038
28.167211824002578	0.9949885046442282
28.50054782400258	0.9994793441499833
28.833883824002584	0.9964861560727338
29.167219824002586	0.996737542799431
29.50055582400259	1.000653459146711
29.833891824002592	0.9951386060744847
30.167227824002595	0.9974267207962356
30.500563824002597	0.9970396982032819
30.8338998240026	0.9964182409107897
31.167235824002603	0.9964491925562975
31.500571824002606	0.9964534381910853
31.83390782400261	0.9964722517899092
32.16724382400261	0.9938259840789688
32.500579824002614	0.9904498424112095
32.83391582400262	0.9937249480788881
33.16725182400262	0.9957071740958613
33.50058782400262	0.9937357064950932
33.833923824002625	0.9965584507170476
34.16725982400263	1.000128244098487
34.50059582400263	0.994978890109314
34.83393182400263	0.9959793771840403
35.167267824002636	0.9977111582580047
35.50060382400264	0.9980074893292402
35.83393982400264	0.9977471481225628
36.167275824002644	0.9954084818087007
36.50061182400265	0.9949026956345167
36.83394782400265	0.9971892812965716
37.16728382400265	0.9962558723090302
37.500619824002655	0.9966652902066545
37.83395582400266	0.9918960838110094
38.16729182400266	0.9962413617259749
38.50062782400266	0.9940120422273413
38.833963824002666	0.9965774724645906
39.16729982400267	0.9916206185128091
39.50063582400267	0.9981786955322505
39.833971824002674	0.9930889660921072
40.16730782400268	0.9950187900224574
40.50064382400268	0.9962788191112617
40.83397982400268	0.9936202789271577
41.167315824002685	0.9944225522719081
41.50065182400269	0.9945403005402238
41.83398782400269	0.9953965549571947
42.16732382400269	0.9940362538747637
42.500659824002696	0.9939399885127612
42.8339958240027	0.9953957737355481
43.1673318240027	0.993615204336453
43.500667824002704	0.9954825670229674
43.83400382400271	0.9910805810110107
44.16733982400271	0.9940111781050833
44.50067582400271	0.995305726032844
44.834011824002715	0.9941392104073221
45.16734782400272	0.9953175005298709
45.50068382400272	0.9954129236517856
45.83401982400272	0.9934368627926216
46.167355824002726	0.9943175097736348
46.50069182400273	0.9934560678782264
46.83402782400273	0.9945311542688814
47.167363824002734	0.9920074804601047
47.50069982400274	0.9908615046339623
47.83403582400274	0.9932319665215378
48.16737182400274	0.9949161610856152
48.500707824002745	0.9893459245697221
48.83404382400275	0.9933454128667655
49.16737982400275	0.996356090698655
49.500715824002754	0.9918879831575911
49.834051824002756	0.9945140072537642
50.16738782400276	0.9919363769488392
50.50072382400276	0.99605871587381
50.834059824002765	0.9929583903669518
51.16739582400277	0.9926601938792696
51.50073182400277	0.993801737825354
51.83406782400277	0.9942989363597211
52.167403824002776	0.9944695840048647
52.50073982400278	0.9901603563781692
52.83407582400278	0.9946081674598511
53.167411824002784	0.9952300086559414
53.50074782400279	0.994800576936189
53.83408382400279	0.9926114703508041
54.16741982400279	0.9950044189842742
54.500755824002795	0.9951697947287079
54.8340918240028	0.9958507454482804
55.1674278240028	0.9955290514543094
55.5007638240028	0.9957504792094097
55.834099824002806	0.9957144870927268
56.16743582400281	0.9972826351668609
56.50077182400281	0.9969396372930932
56.834107824002814	0.9966793441017829
57.16744382400282	0.9982912213556757
57.50077982400282	0.9997203235007409
57.83411582400282	0.9977500827460399
58.167451824002825	0.9989945393983984
58.50078782400283	0.9950669797323776
58.83412382400283	0.9985554458629923
59.16745982400283	0.9999355930769745
59.500795824002836	1.0003361269619742
59.83413182400284	1.000568514178122
60.16746782400284	0.998051111679637
60.500803824002844	1.0026920366717103
60.83413982400285	1.0010906657758922
61.16747582400285	1.0027146820253392
61.50081182400285	1.0013746398701435
61.834147824002855	1.0041781892521915
62.16748382400286	1.0032427455684934
62.50081982400286	1.0043801507018044
62.83415582400286	1.0047214790339074
63.167491824002866	1.0065320218187885
63.50082782400287	1.0056063657183485
63.83416382400287	1.0057965783323568
64.16749982400287	1.0077403293805474
64.50083582400288	1.0079692535822609
64.83417182400288	1.0078621057756785
65.16750782400288	1.008827690067634
65.50084382400289	1.0109065244936621
65.83417982400289	1.0090688976438695
66.16751582400289	1.010263403587017
66.5008518240029	1.0124250065420475
66.8341878240029	1.0111281723293433
67.1675238240029	1.01489064104354
67.5008598240029	1.0117842662727896
67.8341958240029	1.0142881097943102
68.16753182400291	1.0128841278969247
68.50086782400291	1.0138044458729156
68.83420382400291	1.0133835394101336
69.16753982400292	1.0146578270224855
69.50087582400292	1.0139553775685624
69.83421182400292	1.0168746644223883
70.16754782400292	1.0161710832275443
70.50088382400293	1.0151894449358743
70.83421982400293	1.015897123675819
71.16755582400293	1.0145103543103062
71.50089182400293	1.017299784576507
71.83422782400294	1.0168246903689062
72.16756382400294	1.0151210421795278
72.50089982400294	1.0170238834347711
72.83423582400295	1.0155589701415224
73.16757182400295	1.015785441723581
73.50090782400295	1.0157773950612534
73.83424382400295	1.0177052678974678
74.16757982400296	1.0145238905006133
74.50091582400296	1.013268470363749
74.83425182400296	1.01527578710245
75.16758782400296	1.01354732594695
75.50092382400297	1.0148603534623268
75.83425982400297	1.014538284865982
76.16759582400297	1.0131498614059498
76.50093182400298	1.0145081926927206
76.83426782400298	1.0125245753717695
77.16760382400298	1.0126686382342016
77.50093982400298	1.010843610399747
77.83427582400299	1.0127982143434346
78.16761182400299	1.0119613444157025
78.50094782400299	1.00097209962093
78.834283824003	1.0048374239433417
79.167619824003	1.0128491112962386
79.500955824003	1.0093990961308335
79.834291824003	1.009507051439438
80.167627824003	1.0116943383457386
80.50096382400301	1.0070403322391086
80.83429982400301	1.005022491098862
81.16763582400301	1.0037165696634365
81.50097182400302	1.0028027287418415
81.83430782400302	1.0032349450924474
82.16764382400302	1.0028351854892694
82.50097982400302	1.0031586348781956
82.83431582400303	1.0006260193418945
83.16765182400303	0.9991073339124191
83.50098782400303	0.9972347413475049
83.83432382400304	0.9967932943989246
84.16765982400304	0.9981141515739647
84.50099582400304	0.9977135329629158
84.83433182400304	0.9970313373178492
85.16766782400305	0.9970135871939115
85.50100382400305	0.9939276022649421
85.83433982400305	0.9953185170614596
86.16767582400306	0.9940108200619884
86.50101182400306	0.9947672859216042
86.83434782400306	0.9909730663801516
87.16768382400306	0.9944571610185947
87.50101982400307	0.9948292134272614
87.83435582400307	0.9904900848030089
88.16769182400307	0.9896093894701052
88.50102782400307	0.9916507647200967
88.83436382400308	0.9903374640055487
89.16769982400308	0.9874251668359122
89.50103582400308	0.9886119509128829
89.83437182400309	0.9872239385434215
90.16770782400309	0.9891400313474632
90.50104382400309	0.9910101261418971
90.8343798240031	0.9852873614950722
91.1677158240031	0.9913543566573758
91.5010518240031	0.9868538315356512
91.8343878240031	0.986515506358423
92.1677238240031	0.9856472126227445
92.50105982400311	0.9889185063207598
92.83439582400311	0.9857499927768847
93.16773182400311	0.9863447342738116
93.50106782400312	0.9853760930181987
93.83440382400312	0.9883633940124826
94.16773982400312	0.9851965298453086
94.50107582400312	0.9865272606691368
94.83441182400313	0.9859607749442973
95.16774782400313	0.9874916260368167
95.50108382400313	0.9860170196264362
95.83441982400313	0.987560117154078
96.16775582400314	0.9853671405900788
96.50109182400314	0.987554475832949
96.83442782400314	0.9884202198389885
97.16776382400315	0.9871759717542739
97.50109982400315	0.9964840616202081
97.83443582400315	0.9846896732911661
98.16777182400315	0.9899428739956759
98.50110782400316	0.9878808048856617
98.83444382400316	0.9899227142388896
99.16777982400316	0.9891438049106642
99.50111582400316	0.9909302845517997
99.83445182400317	0.9895223031654653
100.16778782400317	0.9922927243931807
100.50112382400317	0.990781305673225
100.83445982400318	0.992448461940444
101.16779582400318	0.988514844163873
101.50113182400318	0.9889477154158521
101.83446782400318	0.9915321915118602
102.16780382400319	0.9936266815747171
102.50113982400319	0.9873795292191798
102.83447582400319	0.9926535900917215
103.1678118240032	0.9977543538656751
103.5011478240032	0.9933771585586365
103.8344838240032	0.9969435648883996
104.1678198240032	0.9948496287958681
104.5011558240032	0.9966131530836824
104.83449182400321	0.9968433385412079
105.16782782400321	0.9979965223749938
105.50116382400321	0.9964332077242941
105.83449982400322	0.9978044153534851
106.16783582400322	0.9986539015944327
106.50117182400322	0.9991252748356716
106.83450782400323	1.000168180191878
107.16784382400323	0.9989909615122496
107.50117982400323	1.0044471155014965
107.83451582400323	1.0030477551202688
108.16785182400324	1.0009413252727084
108.50118782400324	1.0001498940394329
108.83452382400324	1.0013236523141893
109.16785982400324	0.9994613117111113
109.50119582400325	1.0022994160077827
109.83453182400325	1.0009293722009525
110.16786782400325	1.002491974881812
110.50120382400326	1.0008875701646769
110.83453982400326	1.0014987288452368
111.16787582400326	0.9996721198843714
111.50121182400326	0.9987094252555737
111.83454782400327	1.003314167604329
112.16788382400327	1.0044800079003184
112.50121982400327	0.9987143700353769
112.83455582400327	1.003639161838199
113.16789182400328	1.0042360493788944
113.50122782400328	1.001816578889907
113.83456382400328	1.0025270164955908
114.16789982400329	1.0025395191876452
114.50123582400329	1.004405095644237
114.83457182400329	1.0031311353736152
115.1679078240033	1.0044450473957365
115.5012438240033	1.0023344341643319
115.8345798240033	1.0040119829637568
116.1679158240033	1.0050006348174108
116.5012518240033	1.004087189055893
116.83458782400331	1.0039635465934766
117.16792382400331	1.0054571176580471
117.50125982400331	1.0028080939328012
117.83459582400332	1.0044753649806517
118.16793182400332	1.0055695615640403
118.50126782400332	1.007269618197259
118.83460382400332	1.0052361362617344
119.16793982400333	1.0040856044325372
119.50127582400333	1.0040775245262514
119.83461182400333	1.0059813370334665
120.16794782400333	1.0040312561132296
120.50128382400334	1.0052553895023217
120.83461982400334	1.004032159062408
121.16795582400334	1.003016836699367
121.50129182400335	1.0060146274379358
121.83462782400335	1.0044082085726458
122.16796382400335	1.00636945611473
122.50129982400335	1.0067677235031236
122.83463582400336	1.0044333716202016
123.16797182400336	1.0049685230428829
123.50130782400336	1.0051662640381116
123.83464382400336	1.0006659622566216
124.16797982400337	1.0061471867927771
124.50131582400337	1.00553951839705
124.83465182400337	1.0054281468298656
125.16798782400338	1.004330454635739
125.50132382400338	1.0032907416301453
125.83465982400338	1.0034960562208803
126.16799582400338	1.0059867220080312
126.50133182400339	1.003679140241246
126.83466782400339	1.0074486116505865
127.16800382400339	1.0045668707507975
127.5013398240034	1.010243036360751
127.8346758240034	1.005792032418633
128.1680118240034	1.0079778918907398
128.5013478240034	1.0052063152152564
128.8346838240034	1.004168855649239
129.1680198240034	1.0105260276863857
129.5013558240034	1.004543265591017
129.83469182400341	1.00621307984262
130.16802782400342	1.0065919253141116
130.50136382400342	1.0041845138573113
130.83469982400342	1.0055441647144676
131.16803582400343	1.0074154430459303
131.50137182400343	1.0074619173276442
131.83470782400343	1.0049357027788426
132.16804382400343	1.0085068609930599
132.50137982400344	1.0072549759022098
132.83471582400344	1.0041595616837717
133.16805182400344	1.0062070365209554
133.50138782400344	1.0066859397717387
133.83472382400345	1.0053410282561865
134.16805982400345	1.006672563332322
134.50139582400345	1.0047137935929984
134.83473182400346	1.0020231740276422
135.16806782400346	1.0051755497669326
135.50140382400346	1.0051753303270285
135.83473982400346	1.0032660407290472
136.16807582400347	1.0027163055161468
136.50141182400347	1.0024336001804355
136.83474782400347	1.0036188083416289
137.16808382400347	1.0025242979161746
137.50141982400348	1.0043441458328592
137.83475582400348	0.9990282861930326
138.16809182400348	1.0045232697743434
138.50142782400349	0.9941340133417012
138.8347638240035	1.0019162420144305
139.1680998240035	1.00633358911964
139.5014358240035	0.9999126536376465
139.8347718240035	1.0013509325985677
140.1681078240035	0.9991004989770895
140.5014438240035	0.9988572819110095
140.8347798240035	0.999466752598321
141.1681158240035	0.999078469923786
141.5014518240035	0.9984590868301225
141.8347878240035	0.9976965495135685
142.16812382400352	0.9982715507003865
142.50145982400352	0.9983259754822137
142.83479582400352	0.9932025777951831
143.16813182400352	0.9984390311072919
143.50146782400353	0.995018238318831
143.83480382400353	0.9961547670548767
144.16813982400353	0.9989335918344912
144.50147582400353	0.9922736427721247
144.83481182400354	0.9945265364025674
145.16814782400354	0.9972336034763148
145.50148382400354	0.9952245441829801
145.83481982400355	0.9940292711845631
146.16815582400355	0.9948420866957918
146.50149182400355	0.9968267415121237
146.83482782400355	0.9926370653846573
147.16816382400356	0.9927107003264497
147.50149982400356	0.9933927001035037
147.83483582400356	0.9921423941747983
148.16817182400357	0.9920369212707644
148.50150782400357	0.9934834945078743
148.83484382400357	0.99147564938586
149.16817982400357	0.9924626195674932
149.50151582400358	0.9931806964023513
149.83485182400358	0.9947988054899333
150.16818782400358	0.9925943175969681
150.50152382400358	0.9925702397009677
150.8348598240036	0.992079330718156
151.1681958240036	0.9933676057289947
151.5015318240036	0.9939438204572579
151.8348678240036	0.9915266100047512
152.1682038240036	0.9964372388777041
152.5015398240036	0.9939609766245899
152.8348758240036	0.992036435901714
153.1682118240036	0.9938404545643629
153.5015478240036	0.9950590967016236
153.8348838240036	0.9924440166747736
154.16821982400361	0.9954202205832139
154.50155582400362	0.991469682261721
154.83489182400362	0.9949051537752623
155.16822782400362	0.9962154726810502
155.50156382400363	0.9946548980935762
155.83489982400363	0.999209261977122
156.16823582400363	0.9995480760665313
156.50157182400363	0.9960498529547245
156.83490782400364	0.999225713289712
157.16824382400364	0.9964565763532035
157.50157982400364	0.997671324032755
157.83491582400364	0.9996955857980181
158.16825182400365	1.0002484170469679
158.50158782400365	0.9983341879621258
158.83492382400365	1.0005866121696598
159.16825982400366	1.004390161698352
159.50159582400366	1.0007314776963434
159.83493182400366	1.0008815507741702
160.16826782400366	1.0019982738302777
160.50160382400367	1.0033589987770062
160.83493982400367	1.0019091582992337
161.16827582400367	1.0037790583452941
161.50161182400367	1.0031415040336178
161.83494782400368	1.0036056242065785
162.16828382400368	1.0066444313469713
162.50161982400368	1.0048446287355537
162.83495582400369	1.0044950884929202
163.1682918240037	1.0079185954744396
163.5016278240037	1.0063129638011745
163.8349638240037	1.0041780334138775
164.1682998240037	1.007606460850124
164.5016358240037	1.006178321012402
164.8349718240037	1.0057717475160872
165.1683078240037	1.0077229231036486
165.5016438240037	1.006647391670245
165.8349798240037	1.0076476073444651
166.1683158240037	1.007848989375316
166.50165182400372	1.011168232602156
166.83498782400372	1.005053322224901
167.16832382400372	1.0081519933866794
167.50165982400372	1.0074930582204178
167.83499582400373	1.0080250873377237
168.16833182400373	1.0078514852165918
168.50166782400373	1.007741836820091
168.83500382400373	1.0080736734544098
169.16833982400374	1.0076865241992345
169.50167582400374	1.0063996660041257
169.83501182400374	1.0076537824610927
170.16834782400375	1.0049980747926424
170.50168382400375	1.0086603000458203
170.83501982400375	1.0069385139255427
171.16835582400375	1.0051035149929726
171.50169182400376	1.005545751649195
171.83502782400376	1.0057320963761562
172.16836382400376	1.0053940831634203
172.50169982400377	1.0051254819434579
172.83503582400377	1.0050290750019586
173.16837182400377	1.0051655329626825
173.50170782400377	1.0035598630297846
173.83504382400378	1.0028456332735998
174.16837982400378	1.002706427656562
174.50171582400378	1.0016917160821484
174.83505182400378	1.0005024707349062
175.1683878240038	0.9997558976009487
175.5017238240038	0.9992611440605073
175.8350598240038	0.9996169894339831
176.1683958240038	0.9979286580048172
176.5017318240038	0.9999339719673449
176.8350678240038	0.9995186163077001
177.1684038240038	0.9982291824999088
177.5017398240038	0.9989923236307722
177.8350758240038	0.9966511217260423
178.1684118240038	1.0007052128487217
178.50174782400381	0.9962203645687439
178.83508382400382	0.9986668561809291
179.16841982400382	0.9976508570865796
179.50175582400382	0.9936584322244467
179.83509182400383	0.9947376409717797
180.16842782400383	0.9921075308142419
180.50176382400383	0.9930652839909101
180.83509982400383	0.995035230144329
181.16843582400384	0.9923849526468258
181.50177182400384	0.992694485025481
181.83510782400384	0.992189066628687
182.16844382400384	0.9910268935126265
182.50177982400385	0.9917008451693858
182.83511582400385	0.9900711680400529
183.16845182400385	0.990763167036594
183.50178782400386	0.9932754519418899
183.83512382400386	0.9898005920044428
184.16845982400386	0.9934321716837652
184.50179582400386	0.9945945664786473
184.83513182400387	0.9918474292488212
185.16846782400387	0.991440484884763
185.50180382400387	0.9892292897378256
185.83513982400387	0.9938114822335169
186.16847582400388	0.9864006823703003
186.50181182400388	0.9974036894998426
186.83514782400388	0.9906984563339007
187.16848382400389	0.9930135036004356
187.5018198240039	0.9935514197796633
187.8351558240039	0.9946720732332603
188.1684918240039	0.9910660171098703
188.5018278240039	0.9891814402881046
188.8351638240039	0.9962361496429126
189.1684998240039	0.9924548995391803
189.5018358240039	0.99268954759335
189.8351718240039	0.9946348606584767
190.1685078240039	0.9907783185778182
190.5018438240039	0.992652991029436
190.83517982400392	0.9979584896430931
191.16851582400392	0.9915440191564431
191.50185182400392	1.0057426297927883
191.83518782400392	0.9966724255135868
192.16852382400393	0.9975605506975533
192.50185982400393	1.0005195327601744
192.83519582400393	0.9966115701392364
193.16853182400394	0.9986429063683635
193.50186782400394	0.9997149452804794
193.83520382400394	0.9972148265979119
194.16853982400394	0.9981201115695425
194.50187582400395	1.0011539177607391
194.83521182400395	1.0025926695892176
195.16854782400395	0.9994375167563423
195.50188382400395	1.0014174647073961
195.83521982400396	0.9991074945686141
196.16855582400396	1.0107550978293394
196.50189182400396	1.0006462498898028
196.83522782400397	0.9992232457763944
197.16856382400397	1.0017794118751158
197.50189982400397	1.0037125563654072
197.83523582400397	1.006944761502352
198.16857182400398	1.0032653501293338
198.50190782400398	1.005345730895836
198.83524382400398	1.001933535447767
199.16857982400398	1.0044241577491355
199.501915824004	1.005477436552733
199.835251824004	1.0057354066057576
200.168587824004	1.0047205190368824
200.501923824004	1.0045490720557932
200.835259824004	1.0056639452906564
201.168595824004	1.0072766835595126
201.501931824004	1.002843042399289
201.835267824004	1.0070019240510864
202.168603824004	1.0049463770376226
202.501939824004	1.005910596950699
202.83527582400401	1.0073209998191668
203.16861182400402	1.005801225327344
203.50194782400402	1.0030081006137908
203.83528382400402	1.0068850465446706
204.16861982400403	1.0037611181794313
204.50195582400403	1.0068213806493775
204.83529182400403	1.0027823180440878
205.16862782400403	1.0079608753443159
205.50196382400404	1.0027538036668489
205.83529982400404	1.007321970907068
206.16863582400404	1.0039428957210663
206.50197182400404	1.001672256690141
206.83530782400405	1.002907129153223
207.16864382400405	1.004143611392439
207.50197982400405	1.0041861330464792
207.83531582400406	1.00490651410161
208.16865182400406	1.0033673428220429
208.50198782400406	1.003318080528094
208.83532382400406	1.0046837236577495
209.16865982400407	1.0014779674962413
209.50199582400407	1.000902337539167
209.83533182400407	1.0013420285743673
210.16866782400407	0.9999222254378352
210.50200382400408	1.0026019674884878
210.83533982400408	1.0004060508609132
211.16867582400408	0.9992213966522551
211.5020118240041	0.9999563977939374
211.8353478240041	0.9999386160223995
212.1686838240041	0.9986633596669844
212.5020198240041	0.9971890872038567
212.8353558240041	0.9989627185568898
213.1686918240041	0.998066772775345
213.5020278240041	0.9959050004914153
213.8353638240041	0.9964766130261121
214.1686998240041	0.998174532072186
214.5020358240041	0.9977471419263596
214.8353718240041	0.9958759991468684
215.16870782400412	0.9980983076311464
215.50204382400412	0.997113295417666
215.83537982400412	0.9979535056107415
216.16871582400412	0.9974233258929486
216.50205182400413	0.9947162652419044
216.83538782400413	0.9956351757228038
217.16872382400413	0.9982381301465053
217.50205982400414	0.9949811143696055
217.83539582400414	0.9986732244546853
218.16873182400414	0.9939517120672432
218.50206782400414	0.9978956720638894
218.83540382400415	0.9959949743705278
219.16873982400415	0.9962655170093319
219.50207582400415	0.995810261048775
219.83541182400415	1.0003650783112397
220.16874782400416	0.9978598955159516
220.50208382400416	0.9985231956544849
220.83541982400416	1.0006731443048944
221.16875582400417	0.9972666795510721
221.50209182400417	1.0017141616857874
221.83542782400417	1.000034241021318
222.16876382400417	0.999552898192611
222.50209982400418	0.9985498683923063
222.83543582400418	1.0009492122731192
223.16877182400418	1.0004907473408762
223.50210782400418	1.0018779891731047
223.8354438240042	1.0006628793324062
224.1687798240042	1.0002699086698217
224.5021158240042	1.0015949220671883
224.8354518240042	0.9996835134867825
225.1687878240042	1.0040707399617796
225.5021238240042	1.0045371808373127
225.8354598240042	1.000992942628825
226.1687958240042	1.0013342895872719
226.5021318240042	1.001868215464351
226.8354678240042	1.0028633523488062
227.16880382400421	1.0041731369855451
227.50213982400422	1.0019031542805896
227.83547582400422	1.003735930335322
228.16881182400422	1.0001166973038407
228.50214782400423	1.0066381722058542
228.83548382400423	1.0053644478951718
229.16881982400423	1.0035271065056015
229.50215582400423	1.0057492095364629
229.83549182400424	1.0061569575998157
230.16882782400424	1.0032856460076018
230.50216382400424	1.007344502103114
230.83549982400424	1.0075407837300194
231.16883582400425	1.0059698918685351
231.50217182400425	1.0059847133936513
231.83550782400425	1.006719298920325
232.16884382400426	1.0059287223275648
232.50217982400426	1.0043078548413427
232.83551582400426	1.0025640987179687
233.16885182400426	1.0068013996263316
233.50218782400427	1.0075789766122472
233.83552382400427	1.0067252600515966
234.16885982400427	1.0062551802893889
234.50219582400427	1.007124515303075
234.83553182400428	1.0063134854931224
235.16886782400428	1.0078672549882723
235.50220382400428	1.0038201804643025
235.8355398240043	1.0050640351443534
236.1688758240043	1.005681060637322
236.5022118240043	1.0060248210564127
236.8355478240043	1.004706264507455
237.1688838240043	1.0026173152408133
237.5022198240043	1.0077180359866098
237.8355558240043	1.0027133923054254
238.1688918240043	1.005063072437683
238.5022278240043	1.0043817381618567
238.8355638240043	1.0055691593737615
239.1688998240043	1.0075814740700944
239.50223582400432	1.0038726215402383
239.83557182400432	1.0038007138587157
240.16890782400432	1.0030014283034752
240.50224382400432	1.0034805247882777
240.83557982400433	1.0044057382115776
241.16891582400433	1.0013426233934037
241.50225182400433	1.0035783678039314
241.83558782400434	1.0018352021010664
242.16892382400434	1.002513386991473
242.50225982400434	0.9985803912701658
242.83559582400434	0.995079203629648
316.6714173839973	1.01873275509504
317.00475338399735	1.0032007638420861
317.3380893839974	1.0066907263340372
317.6714253839974	1.0066291119349167
318.00476138399745	1.0080320442769304
318.3380973839975	1.0038904197156853
318.6714333839975	1.006640061843988
319.00476938399754	1.0008174069025861
319.3381053839976	1.0015898623393558
319.6714413839976	1.004294921909129
320.00477738399763	1.0057549498845075
320.33811338399767	0.9988570978902462
320.6714493839977	1.00365680042304
321.0047853839977	1.0053987631396673
321.33812138399776	1.0025138596169103
321.6714573839978	1.0047417643657526
322.0047933839978	1.0001056117245302
322.33812938399785	1.005005733043883
322.6714653839979	0.9991902845589202
323.0048013839979	1.003852848650518
323.33813738399795	1.0012532182710114
323.671473383998	0.998662292484967
324.004809383998	0.999631328650378
324.33814538399804	1.002342135570393
324.67148138399807	1.00137480077778
325.0048173839981	0.998655223290778
325.33815338399813	1.0017492376406922
325.67148938399816	1.0011604318876033
326.0048253839982	0.998900231928994
326.3381613839982	0.9989630917963161
326.67149738399826	0.9987127364889713
327.0048333839983	0.9996502058463853
327.3381693839983	0.9971255904065288
327.67150538399835	0.9991389452829536
328.0048413839984	0.9999686775854972
328.3381773839984	1.0029272759364836
328.67151338399844	1.0006697751351141
329.0048493839985	1.0011631733998991
329.3381853839985	0.9981001098303726
329.67152138399854	1.0010194110655652
330.00485738399857	0.9993931027442907
330.3381933839986	1.0016062560299446
330.67152938399863	0.9987918661985266
331.00486538399866	0.9982602187516119
331.3382013839987	0.9974960519402898
331.6715373839987	1.0009142279284442
332.00487338399876	0.9991789393436583
332.3382093839988	0.9976117144542276
332.6715453839988	0.996786233236571
333.00488138399885	0.9993595391885167
333.3382173839989	0.9989267067574435
333.6715533839989	1.000101565389322
334.00488938399894	0.9991429743103073
334.338225383999	1.0015210832881
334.671561383999	0.9976283418565963
335.00489738399904	0.9996217257929019
335.33823338399907	1.000499082019733
335.6715693839991	1.002408887572106
336.00490538399913	0.9990663471983412
336.33824138399916	1.0008487645854358
336.6715773839992	1.0003360966371944
337.0049133839992	1.000543588466475
337.33824938399925	1.0024228842928629
337.6715853839993	1.0014147491241248
338.0049213839993	1.0016881355102178
338.33825738399935	1.0058846084049249
338.6715933839994	0.999049863278375
339.0049293839994	1.0022415329736984
339.33826538399944	1.0012328730145927
339.6716013839995	1.0017569855253148
340.0049373839995	0.9988775492169458
340.33827338399954	1.0028382122003823
340.67160938399957	1.003283261789815
341.0049453839996	1.0038579150391662
341.33828138399963	1.0018854055505344
341.67161738399966	1.0052094933337818
342.0049533839997	1.0029130464327742
342.3382893839997	1.0030756269327374
342.67162538399975	1.002940790942153
343.0049613839998	1.0052495146093894
343.3382973839998	1.0032865022512616
343.67163338399985	1.003581336044061
344.0049693839999	1.0044258824534607
344.3383053839999	1.0053014477231736
344.67164138399994	1.0035050748763557
345.004977384	1.0038244979933062
345.338313384	1.0061524048660477
345.67164938400003	1.0030166996032368
346.00498538400007	1.0035008231585925
346.3383213840001	1.0075415687141507
346.6716573840001	1.0041877197132179
347.00499338400016	1.0073398384878434
347.3383293840002	1.005437691150706
347.6716653840002	1.0038357696257476
348.00500138400025	1.006280247057575
348.3383373840003	1.0039173703260849
348.6716733840003	1.0051774827896685
349.00500938400035	1.0045712779951783
349.3383453840004	1.0034118425178145
349.6716813840004	0.9994470642283606
350.00501738400044	1.0062997307629302
350.33835338400047	1.0023085492130936
350.6716893840005	1.0061598230269528
351.00502538400053	1.0022793100004717
351.33836138400056	1.0039565848079617
351.6716973840006	1.0041760213548692
352.0050333840006	1.002066932229629
352.33836938400066	1.0014634988072235
352.6717053840007	1.001378482703733
353.0050413840007	1.0000587770908178
353.33837738400075	1.0001317386147819
353.6717133840008	0.999635426197432
354.0050493840008	1.0005743532029845
354.33838538400084	1.0008880943116403
354.6717213840009	1.0004483859857969
355.0050573840009	0.9985564471614087
355.33839338400094	0.9985337223308762
355.67172938400097	0.9979193349755783
356.005065384001	0.9977788929523941
356.33840138400103	0.9978665354573101
356.67173738400106	0.9957832166666969
357.0050733840011	0.9973158773216756
357.3384093840011	0.998982350043417
357.67174538400116	0.9955479483408531
358.0050813840012	0.9949302713439305
358.3384173840012	0.9962297266928256
358.67175338400125	0.99510037562418
359.0050893840013	0.9932316961592076
359.3384253840013	0.9962465892417518
359.67176138400134	0.9968007150126071
360.0050973840014	0.9945600477585425
360.3384333840014	0.9934742359393128
360.67176938400144	0.9960233559367434
361.00510538400147	0.9931858978538207
361.3384413840015	0.9925383939911853
361.67177738400153	0.9950710827049031
362.00511338400156	0.990985977556256
362.3384493840016	0.9938848996212045
362.6717853840016	0.9929673088584638
363.00512138400165	0.9904602937662039
363.3384573840017	0.9901495638699273
363.6717933840017	0.990906940943302
364.00512938400175	0.9937552417724304
364.3384653840018	0.9915690569788382
364.6718013840018	0.9916140966621468
365.00513738400184	0.992373810955991
365.3384733840019	0.9926038219800026
365.6718093840019	0.9921065801961528
366.00514538400193	0.9946322742706157
366.33848138400197	0.9882289914881978
366.671817384002	0.9938398324864643
367.005153384002	0.9941775661828279
367.33848938400206	0.9922476123378455
367.6718253840021	0.9949686709416901
368.0051613840021	0.9939876853606001
368.33849738400215	0.995728978054901
368.6718333840022	0.993801429147553
369.0051693840022	0.9962334740611254
369.33850538400225	0.9949682162846585
369.6718413840023	0.9968474229028409
370.0051773840023	0.9931774108563084
370.33851338400234	0.9955107631400129
370.67184938400237	0.9976298579819035
371.0051853840024	0.9969188281972357
371.33852138400243	0.9975608448688794
371.67185738400246	0.9984782696764667
372.0051933840025	1.0006359998762422
372.3385293840025	0.9979907363660625
372.67186538400256	0.9988686420650608
373.0052013840026	1.0037458287553331
373.3385373840026	1.001244318156247
373.67187338400265	1.0015658165739485
374.0052093840027	1.0017011180430415
374.3385453840027	1.0023339924834072
374.67188138400275	1.0019261591074213
375.0052173840028	1.003124188030771
375.3385533840028	1.004454029679236
375.67188938400284	1.0023798619513875
376.00522538400287	1.0051805222323118
376.3385613840029	1.0037849969464459
376.67189738400293	1.009507845012679
377.00523338400296	1.006768964354582
377.338569384003	1.0060456902692225
377.671905384003	1.0040805545190428
378.00524138400306	1.0012269281422048
378.3385773840031	1.0087656634714124
378.6719133840031	1.0081991508012014
379.00524938400315	1.0072035982905616
379.3385853840032	1.006444737055306
379.6719213840032	1.0058077438175437
380.00525738400324	1.0066333834550498
380.3385933840033	1.0091786450600717
380.6719293840033	1.0111707146899283
381.00526538400334	1.0082095891847245
381.33860138400337	1.011314620190866
381.6719373840034	1.0085261778294883
382.00527338400343	1.0056431491937767
382.33860938400346	1.0068675444551751
382.6719453840035	1.0063844195482252
383.0052813840035	1.0060476685139705
383.33861738400356	1.0060436650108109
383.6719533840036	1.0057829905767273
384.0052893840036	1.0046186942611035
384.33862538400365	1.0045851724797552
384.6719613840037	1.0070073365960868
385.0052973840037	1.003744538657762
385.33863338400374	1.0066762762547632
385.6719693840038	1.0010829674090918
386.0053053840038	1.001993374942451
386.33864138400384	1.0032098832824896
386.67197738400387	1.0027513863159427
387.0053133840039	1.002254582339321
387.33864938400393	1.0005627954433178
387.67198538400396	1.0027645541899732
388.005321384004	1.000991211231148
388.338657384004	1.0001380496444225
388.67199338400405	0.9992985720204394
389.0053293840041	1.0000515081803178
389.3386653840041	0.9972153234738755
389.67200138400415	0.9989598756801643
390.0053373840042	0.9960743322855199
390.3386733840042	0.9982886961807967
390.67200938400424	0.9964922238731194
391.0053453840043	0.9954638719205846
391.3386813840043	0.9943763698887063
391.67201738400433	0.9914036486215866
392.00535338400437	0.995050294570111
392.3386893840044	0.9943569812331715
392.6720253840044	0.9997522179944305
393.00536138400446	0.9906189942006404
393.3386973840045	0.9938077573634885
393.6720333840045	0.9909851337407098
394.00536938400455	0.9917647679829659
394.3387053840046	0.9897387395568578
394.6720413840046	0.9922517514163075
395.00537738400465	0.9896143387225674
395.3387133840047	0.9899998957744468
395.6720493840047	0.9899924677059085
396.00538538400474	0.990292218155205
396.33872138400477	0.9904339622322428
396.6720573840048	0.9902860967484034
397.00539338400483	0.991247633227352
397.33872938400486	0.9884004396392279
397.6720653840049	0.9912921170662969
398.0054013840049	0.9938417082513543
398.33873738400496	0.9908176888316235
398.672073384005	0.9909955280546945
399.005409384005	0.9896671038331876
399.33874538400505	0.9894855705483593
399.6720813840051	0.989182072321992
400.0054173840051	0.9917363131534938
400.33875338400514	0.9916722864193508
400.6720893840052	0.9891644962558631
401.0054253840052	0.9896391111835431
401.33876138400524	0.99200546272243
401.67209738400527	0.9894097482141997
402.0054333840053	0.9879158803468321
402.33876938400533	0.9942172615263233
402.67210538400536	0.991531897139766
403.0054413840054	0.9949453087741208
403.3387773840054	0.9932376116946999
403.67211338400546	0.9941231023643008
404.0054493840055	0.991930549129308
404.3387853840055	0.993748109610877
404.67212138400555	0.9941222899961437
405.0054573840056	0.9964684856316083
405.3387933840056	0.9963326674115002
405.67212938400564	0.9968217649947345
406.0054653840057	0.99765266046107
406.3388013840057	0.995939668811933
406.67213738400574	0.9982940062401402
407.00547338400577	0.9992486865113911
407.3388093840058	0.9999575682535882
407.67214538400583	1.0021201737683358
408.00548138400586	1.0009238801320115
408.3388173840059	0.9991893534230526
408.6721533840059	1.0029577255121442
409.00548938400595	1.0019716290505276
409.338825384006	1.0042523300568986
409.672161384006	1.0011544914465003
410.00549738400605	1.0034313178769443
410.3388333840061	1.0042266243271647
410.6721693840061	1.0048492197924248
411.00550538400614	1.0047307172130744
411.3388413840062	1.0056962469668
411.6721773840062	1.005143787605267
412.00551338400624	1.0066565808054184
412.33884938400627	1.0034111887535209
412.6721853840063	1.004801643602348
413.00552138400633	1.0093407073027505
413.33885738400636	1.0067574497095384
413.6721933840064	1.0075664338498822
414.0055293840064	1.0078592267793884
414.33886538400645	1.0060082282386589
414.6722013840065	1.0070407690560013
415.0055373840065	1.0078200566209758
415.33887338400655	1.0074641133599902
415.6722093840066	1.008471679745285
416.0055453840066	1.0067785400682445
416.33888138400664	1.0071696847183875
416.6722173840067	1.0081935063523464
417.0055533840067	1.0066141511109057
417.33888938400673	1.0048620414777596
417.67222538400677	1.0081333559679664
418.0055613840068	1.0061240377486116
418.3388973840068	1.0083103813081293
418.67223338400686	1.0056420915067177
419.0055693840069	1.0063648360332516
419.3389053840069	1.0090594610796788
419.67224138400695	1.004990084498294
420.005577384007	1.0075584994474736
420.338913384007	1.0047946199935605
420.67224938400705	1.00525131803195
421.0055853840071	1.0048115073964385
421.3389213840071	1.0080994669368424
421.67225738400714	1.003958439698501
422.00559338400717	1.0090435601399723
422.3389293840072	1.0058619125017976
422.67226538400723	1.0041395844351393
423.00560138400726	1.0043248028244742
423.3389373840073	1.004976771313752
423.6722733840073	1.0019319080413187
424.00560938400736	1.0026917083325837
424.3389453840074	1.008153485231797
424.6722813840074	1.0001646532886637
425.00561738400745	1.0024378905690505
425.3389533840075	1.002528086568803
425.6722893840075	1.002955807555288
426.00562538400754	1.0011933987550339
426.3389613840076	1.0023753906067445
426.6722973840076	1.0006034747192503
427.00563338400764	1.0038125085534217
427.33896938400767	1.002027439569357
427.6723053840077	1.0018208213615871
428.00564138400773	1.001543789142695
428.33897738400776	1.0020433289282722
428.6723133840078	0.9994875508976929
429.0056493840078	0.9994061701281349
429.33898538400786	0.9981345801724175
429.6723213840079	1.0004665754112347
430.0056573840079	1.0007162039156299
430.33899338400795	0.9991393135712416
430.672329384008	1.0004617586221007
431.005665384008	1.0020946742042154
431.33900138400804	1.0012379378503857
431.6723373840081	0.9944975382811013
432.0056733840081	1.0033376634998725
432.33900938400814	1.0003268659053248
432.67234538400817	1.0010432094908048
433.0056813840082	1.00200664499102
433.33901738400823	1.0001032559936982
433.67235338400826	1.001678182324022
434.0056893840083	1.0029758291306639
434.3390253840083	1.0015141687891331
434.67236138400835	0.9999812611947784
435.0056973840084	1.0025791587591881
435.3390333840084	1.002200185994665
435.67236938400845	1.0031727060834972
436.0057053840085	1.0032247401456553
436.3390413840085	1.003158125684763
436.67237738400854	1.0029165196080014
437.0057133840086	1.0001479176009886
437.3390493840086	1.003341449487301
437.67238538400863	1.0035593257425248
438.00572138400867	1.0056032326814406
438.3390573840087	1.0083158730280033
438.6723933840087	1.0005162935001808
439.00572938400876	1.0074465002248052
439.3390653840088	1.0015490975211592
439.6724013840088	1.0061085917680723
440.00573738400885	1.00585249251231
440.3390733840089	1.0064182348857507
440.6724093840089	1.006914960365024
441.00574538400895	1.0053461677666553
441.339081384009	1.0066760006370903
441.672417384009	1.0054917568739061
442.00575338400904	1.0012565600441905
442.33908938400907	1.008357995068104
442.6724253840091	1.0067265014478108
443.00576138400913	1.007173241372754
443.33909738400916	1.0033464643325514
443.6724333840092	1.0056297086618362
444.0057693840092	1.0064745030513937
444.33910538400926	1.0068561738966106
444.6724413840093	1.0054164252724922
445.0057773840093	1.0073474979483212
445.33911338400935	1.0056911054480013
445.6724493840094	1.0074434729124961
446.0057853840094	1.0046010804777252
446.33912138400945	1.0027304804706214
446.6724573840095	1.006897260282642
447.0057933840095	1.0053101952491383
447.33912938400954	1.0047455075337133
447.67246538400957	1.0050254167533035
448.0058013840096	1.0032267810835507
448.33913738400963	1.0034805468338714
448.67247338400966	1.0032415815838729
449.0058093840097	0.999467948671644
449.3391453840097	1.00298615524845
449.67248138400976	1.0009160985624816
450.0058173840098	1.0033131002952143
450.3391533840098	1.0054471725033494
450.67248938400985	0.9996410937425028
451.0058253840099	1.0013281635354851
451.3391613840099	0.9999027543354374
451.67249738400994	0.9985742545721527
452.00583338401	1.0008870415992972
452.33916938401	1.0002871521151526
452.67250538401004	0.9956628937417934
453.00584138401007	0.9983014063798876
453.3391773840101	0.9958843654708961
453.67251338401013	0.9979152464986212
454.00584938401016	0.9946083191789663
454.3391853840102	0.9926051380012698
454.6725213840102	0.9958528029530787
455.00585738401026	0.9927352426679343
455.3391933840103	0.9959031099376485
455.6725293840103	0.9933724615740026
456.00586538401035	0.994781178313246
456.3392013840104	0.9926503409361994
456.6725373840104	0.9946241791977115
457.00587338401044	0.9909775246534906
457.3392093840105	0.9923294849819606
457.6725453840105	0.9870330362929276
458.00588138401054	0.989730426452392
458.33921738401057	0.9902607475195252
458.6725533840106	0.9903175270848311
459.00588938401063	0.9917431962118336
459.33922538401066	0.9890120809364225
459.6725613840107	0.9848145864546196
460.0058973840107	0.986467071297445
460.33923338401075	0.9918904383028658
460.6725693840108	0.985202770410921
461.0059053840108	0.9881361618667398
461.33924138401085	0.987036192880465
461.6725773840109	0.988209554089781
462.0059133840109	0.9854909204136875
462.33924938401094	0.9896723525874992
462.672585384011	0.9901873093249796
463.005921384011	0.9869863147836652
463.33925738401103	0.9855256005287077
463.67259338401107	0.9893491046869688
464.0059293840111	0.9862652113388591
464.3392653840111	0.9827635157680689
464.67260138401116	0.9862131007923383
465.0059373840112	0.9878246841537851
465.3392733840112	0.9871176587097595
465.67260938401125	0.9858810838581626
466.0059453840113	0.9876632674176676
466.3392813840113	0.9890341784090112
466.67261738401135	0.9869460030864398
467.0059533840114	0.9856358155640782
467.3392893840114	0.9870319061141007
467.67262538401144	0.9849115921785702
468.00596138401147	0.9880074233920547
468.3392973840115	0.9916036547948527
468.67263338401153	0.9938737322802855
469.00596938401156	0.989340408557339
469.3393053840116	0.9906358948562428
469.6726413840116	0.9882548157732217
470.00597738401166	0.990654356620196
470.3393133840117	0.9904194389918703
470.6726493840117	0.9905774434125333
471.00598538401175	0.9903423489393821
471.3393213840118	0.9922453996005274
471.6726573840118	0.9923542984194252
472.00599338401184	0.9900564036278036
472.3393293840119	0.9928522352692115
472.6726653840119	0.9953899673329903
473.00600138401194	0.9926905672246366
473.33933738401197	0.995123717575875
473.672673384012	0.9929915812821188
474.00600938401203	0.9957281718184647
474.33934538401206	0.9946393200912372
474.6726813840121	0.9935646503004073
475.0060173840121	0.9974744367037335
475.33935338401216	0.9953177954473243
475.6726893840122	0.9965906494956777
476.0060253840122	0.9980800812199964
476.33936138401225	0.9974488872814367
476.6726973840123	0.995288624180833
477.0060333840123	0.9961720145878546
477.33936938401234	0.998024847060811
477.6727053840124	1.0007309922399104
478.0060413840124	0.9982117222662686
478.33937738401244	0.998723694020859
478.67271338401247	1.000142389889931
479.0060493840125	0.9981201544060315
479.33938538401253	1.001095008587669
479.67272138401256	1.0001658665176114
480.0060573840126	0.9992307857970691
480.3393933840126	0.9988287677569219
480.67272938401265	1.0018974420985398
481.0060653840127	1.0028268063056704
481.3394013840127	0.9997853823974067
481.67273738401275	1.0008858397588944
482.0060733840128	0.9979117815098237
482.3394093840128	1.0020211269428636
482.67274538401284	1.0010925657124325
483.0060813840129	1.002816559437479
483.3394173840129	1.002041523349294
483.67275338401294	1.0048992973623283
484.00608938401297	1.0020462491597693
484.339425384013	1.0030140185993575
484.67276138401303	1.0038995655286598
485.00609738401306	1.004508654029342
485.3394333840131	1.0044938479377352
485.6727693840131	1.004066257353551
486.00610538401315	1.005927739663032
486.3394413840132	1.0056296796917241
486.6727773840132	1.007299539407536
487.00611338401325	1.0038100630239752
487.3394493840133	1.005037183167501
487.6727853840133	1.0072402510910852
488.00612138401334	1.003495557230183
488.3394573840134	1.0049653859454044
488.6727933840134	1.0086831864486052
489.00612938401343	1.0069460189917698
489.33946538401347	1.0061949858890045
489.6728013840135	1.006991994329574
490.0061373840135	1.0072398318600524
490.33947338401356	1.0089366256362142
490.6728093840136	1.009634962273517
491.0061453840136	1.008897744763838
491.33948138401365	1.0071367469916572
491.6728173840137	1.0076285721595966
492.0061533840137	1.0099675264507235
492.33948938401375	1.0114511979102199
492.6728253840138	1.008497562490673
493.0061613840138	1.009850832587327
493.33949738401384	1.0095264373950201
493.67283338401387	1.010849404837243
494.0061693840139	1.0101557852658896
494.33950538401393	1.0105242543298678
494.67284138401396	1.010453906430416
495.006177384014	1.011904019416942
495.339513384014	1.0101909154231927
495.67284938401406	1.0107634610408043
496.0061853840141	1.011087838621475
496.3395213840141	1.011753873104848
496.67285738401415	1.0110421986966935
497.0061933840142	1.0097030101749431
497.3395293840142	1.010590843581361
497.67286538401424	1.0144384508375013
498.0062013840143	1.0087708932396282
498.3395373840143	1.0094683802318034
498.67287338401434	1.0141668413249019
499.00620938401437	1.010292719394073
499.3395453840144	1.0105634190715345
499.67288138401443	1.012930256888314
500.00621738401446	1.0126103032338432
500.3395533840145	1.0155451752173956
500.6728893840145	1.0133074499228145
501.00622538401456	1.0131029080412584
501.3395613840146	1.012363287417947
501.6728973840146	1.012510963774325
502.00623338401465	1.0138690292608514
502.3395693840147	1.013018408464502
502.6729053840147	1.0123657937301338
503.00624138401474	1.0129040042513304
503.3395773840148	1.0115741185604539
503.6729133840148	1.0125927703416144
504.00624938401484	1.0133275038313065
504.33958538401487	1.0116186422506952
504.6729213840149	1.0121828725696103
505.00625738401493	1.0097024938728925
505.33959338401496	1.0116251398308929
505.672929384015	1.0109625561279976
506.006265384015	1.0132762654527065
506.33960138401505	1.0104584236581844
506.6729373840151	1.0093734313625724
507.0062733840151	1.011221834836332
507.33960938401515	1.0101088816848787
507.6729453840152	1.0085756499954819
508.0062813840152	1.0097844357100263
508.33961738401524	1.0088816376323726
508.6729533840153	1.0079815720214287
509.0062893840153	1.0073162480454732
509.33962538401533	1.0061017964853831
509.67296138401537	1.0095306084062554
510.0062973840154	1.0051846270864353
510.3396333840154	1.0039880692135152
510.67296938401546	1.0054061957535472
511.0063053840155	1.0050846634176775
511.3396413840155	1.0027607531259843
511.67297738401555	1.0036111449680778
512.0063133840156	1.0031579591124904
512.3396493840156	1.0026162903758558
512.6729853840156	1.0020202204046154
513.0063213840157	1.001445854813873
513.3396573840157	1.0004524001725252
513.6729933840157	1.000476195917468
514.0063293840158	0.9987146010030334
514.3396653840158	0.9992584595939465
514.6730013840158	1.0004729894457807
515.0063373840159	0.9973013191410466
515.3396733840159	0.996731148694081
515.6730093840159	0.9970756713981275
516.006345384016	0.995989839638128
516.339681384016	0.9963518504100186
516.673017384016	0.9930512976877651
517.006353384016	0.9939550569389131
517.3396893840161	0.9911130349695896
517.6730253840161	0.9953795146163555
518.0063613840161	0.9908066573964858
518.3396973840162	0.9932648448372805
518.6730333840162	0.9926268403050232
519.0063693840162	0.9917537411697787
519.3397053840163	0.9908179747630266
519.6730413840163	0.9919011262212516
520.0063773840163	0.9888311452026854
520.3397133840164	0.9901574404412683
520.6730493840164	0.9896701363039957
521.0063853840164	0.9891525829640382
521.3397213840165	0.9900508513896756
521.6730573840165	0.9889471819970576
522.0063933840165	0.989248261140778
522.3397293840166	0.9884462277283725
522.6730653840166	0.9875538504215445
523.0064013840166	0.987284751098489
523.3397373840166	0.9880043698202035
523.6730733840167	0.987215565006558
524.0064093840167	0.9882933774306495
524.3397453840167	0.9892719725742283
524.6730813840168	0.98398748428077
525.0064173840168	0.9899478272152996
525.3397533840168	0.9851980645497832
525.6730893840169	0.9883921330830301
526.0064253840169	0.9882495544796869
526.3397613840169	0.9871048221872787
526.673097384017	0.986803004298678
527.006433384017	0.9861796056249038
527.339769384017	0.9874041055835124
527.673105384017	0.9855463730212805
528.0064413840171	0.9890135010305838
528.3397773840171	0.9863232589960649
528.6731133840171	0.987734109579423
529.0064493840172	0.9875483850706204
529.3397853840172	0.9875208728255753
529.6731213840172	0.987846622296338
530.0064573840173	0.9899923688377386
530.3397933840173	0.9895581168068831
530.6731293840173	0.9914562293265131
531.0064653840174	0.9894372855617171
531.3398013840174	0.9888484342842976
531.6731373840174	0.9888629109880158
532.0064733840175	0.9883393434741813
532.3398093840175	0.9898071199693821
532.6731453840175	0.9884872636509271
533.0064813840175	0.9907005198653488
533.3398173840176	0.990569650192231
533.6731533840176	0.9901845588603452
534.0064893840176	0.9900829083025087
534.3398253840177	0.99227828360574
534.6731613840177	0.9897518999627345
535.0064973840177	0.9908315353369641
535.3398333840178	0.9936581666024468
535.6731693840178	0.9925873799132844
536.0065053840178	0.9923786171425937
536.3398413840179	0.9940774159780386
536.6731773840179	0.9945061869203464
537.0065133840179	0.9929667356361189
537.339849384018	0.9940198245223443
537.673185384018	0.9945686267055821
538.006521384018	0.9952533007394674
538.339857384018	0.994921995804255
538.6731933840181	0.992971944020709
539.0065293840181	0.9944370073576817
539.3398653840181	0.9970219263586266
539.6732013840182	0.9965036802795495
540.0065373840182	0.9963607811630721
540.3398733840182	0.9970277598005236
540.6732093840183	0.998190831041833
541.0065453840183	0.9991396782888428
541.3398813840183	0.9983810065078969
541.6732173840184	0.99871107868641
542.0065533840184	0.9989911859660673
542.3398893840184	0.9996911093254752
542.6732253840185	1.0001923213922104
543.0065613840185	1.0002007616623474
543.3398973840185	1.0001833647965084
543.6732333840185	1.0013712429949906
544.0065693840186	0.9991348047042482
544.3399053840186	1.0016702237841442
544.6732413840186	0.9998372709464551
545.0065773840187	1.0008338844073847
545.3399133840187	1.0024180727245415
545.6732493840187	1.002361129778767
546.0065853840188	1.0021235705924407
546.3399213840188	1.0030142229449714
546.6732573840188	1.0038849648663082
547.0065933840189	1.0032687562421552
547.3399293840189	1.0028446746633268
547.6732653840189	1.004358420500482
548.006601384019	1.0023940025617337
548.339937384019	1.0047611500055114
548.673273384019	1.0058216458790483
549.006609384019	1.0046026753237196
549.3399453840191	1.0068517639039698
549.6732813840191	1.007431968070087
550.0066173840191	1.0059291983150627
550.3399533840192	1.0062364078364796
550.6732893840192	1.0136086259206214
551.0066253840192	1.0063017103879013
551.3399613840193	1.0069530570352523
551.6732973840193	1.0061418779926987
552.0066333840193	1.0062597502808752
552.3399693840194	1.005855485334595
552.6733053840194	1.007047079514911
553.0066413840194	1.0060882205187485
553.3399773840194	1.007423097025675
553.6733133840195	1.0054503439015146
554.0066493840195	1.0069412054201483
554.3399853840195	1.0100651653295536
554.6733213840196	1.006071962446627
555.0066573840196	1.0069979539649647
555.3399933840196	1.0049396141670277
555.6733293840197	1.0076558582000754
556.0066653840197	1.005475693766817
556.3400013840197	1.005273878768516
556.6733373840198	1.0048732612649474
557.0066733840198	1.0087919755203363
557.3400093840198	1.0058213756544647
557.6733453840199	1.0083883958148836
558.0066813840199	0.9973699801183539
654.0058713119979	0.9939962910842204
654.3392073119978	0.9840222982832251
654.6725433119977	0.9919095456036532
655.0058793119977	0.9891114458078767
655.3392153119976	0.9884773903079017
655.6725513119975	0.9852187590257286
656.0058873119974	0.9895973279544751
656.3392233119973	0.9900949937707166
656.6725593119972	0.9881697823852301
657.0058953119972	0.9906434951712578
657.3392313119971	0.9890451160447022
657.672567311997	0.9897178395159277
658.0059033119969	0.9902884723073876
658.3392393119968	0.989243938336006
658.6725753119968	0.9908400621632233
659.0059113119967	0.98560612539623
659.3392473119966	0.9877671646686705
659.6725833119965	0.9923218833008906
660.0059193119964	0.9929270212872495
660.3392553119963	0.9877073049883885
660.6725913119963	0.9925288003937448
661.0059273119962	0.9939669424622503
661.3392633119961	0.9894106365489143
661.672599311996	0.9921617725784817
662.0059353119959	0.9911822836804253
662.3392713119958	0.9941018380619108
662.6726073119958	0.9957364414549705
663.0059433119957	0.9917188128388233
663.3392793119956	0.9941118047857735
663.6726153119955	0.9940940258336031
664.0059513119954	0.9952410256458301
664.3392873119953	0.9949147531848764
664.6726233119953	0.9974871874404627
665.0059593119952	0.9913717477522207
665.3392953119951	0.9967432211576743
665.672631311995	0.9925858112717989
666.0059673119949	0.9945656210614229
666.3393033119949	0.9955428498767137
666.6726393119948	0.9963801400719062
667.0059753119947	0.997765832079654
667.3393113119946	0.99793596558017
667.6726473119945	0.9991148382266004
668.0059833119944	1.0000559063582237
668.3393193119944	0.999529915676409
668.6726553119943	0.9995325054281428
669.0059913119942	0.9996079650396771
669.3393273119941	0.9970434934855001
669.672663311994	1.0014071307700185
670.005999311994	1.0004177104779761
670.3393353119939	1.0032015910195264
670.6726713119938	1.0013306530819637
671.0060073119937	0.9999894169131929
671.3393433119936	1.0028600247914476
671.6726793119935	1.0027713892474523
672.0060153119935	1.002770063849131
672.3393513119934	1.0020839098294674
672.6726873119933	1.0024478122322629
673.0060233119932	1.0070962543617237
673.3393593119931	1.0004985844766976
673.672695311993	1.00606382494122
674.006031311993	1.0039321400389025
674.3393673119929	1.0023136565070996
674.6727033119928	1.0057748185102566
675.0060393119927	1.007990305974447
675.3393753119926	0.9993305452631231
675.6727113119925	1.0077505720627153
676.0060473119925	1.004512580057101
676.3393833119924	1.0057516240222464
676.6727193119923	1.0053417366803588
677.0060553119922	1.005901020737995
677.3393913119921	1.0037938536091573
677.672727311992	1.0050241514581748
678.006063311992	1.0068357803102423
678.3393993119919	1.0072792126807704
678.6727353119918	1.0036049801806592
679.0060713119917	1.0075564729114457
679.3394073119916	1.0068399920995887
679.6727433119916	1.0082880182257261
680.0060793119915	1.004276368852229
680.3394153119914	1.0070172228936232
680.6727513119913	1.0063451023122205
681.0060873119912	1.0076513052752605
681.3394233119911	1.0063435017995175
681.6727593119911	1.0091167341269158
682.006095311991	1.0014688943744865
682.3394313119909	1.0056441447337219
682.6727673119908	1.006168749467769
683.0061033119907	1.0074880007804659
683.3394393119906	1.0040578028579716
683.6727753119906	1.0072438191611583
684.0061113119905	1.0074211488907
684.3394473119904	1.0050976624894818
684.6727833119903	1.0071165628041212
685.0061193119902	1.0060806944189549
685.3394553119902	1.0055798893841619
685.6727913119901	1.005913565085598
686.00612731199	1.0047758967517908
686.3394633119899	1.0047407863175981
686.6727993119898	1.0055459557769975
687.0061353119897	1.0049809057449668
687.3394713119897	1.0080708676957013
687.6728073119896	1.003761312854156
688.0061433119895	1.0035742660595193
688.3394793119894	1.0033736209164286
688.6728153119893	1.0036578999914854
689.0061513119892	1.0038270611211655
689.3394873119892	1.0052367726494198
689.6728233119891	1.0040595795759912
690.006159311989	1.0020285904601098
690.3394953119889	1.0022219029335027
690.6728313119888	1.0019702567011866
691.0061673119887	1.0028232063787672
691.3395033119887	0.9994701762394597
691.6728393119886	1.001452444035364
692.0061753119885	1.0017763738903056
692.3395113119884	1.0010647104309949
692.6728473119883	1.0009025334177415
693.0061833119883	1.001112972763103
693.3395193119882	1.0013986757884183
693.6728553119881	1.0004035252764
694.006191311988	1.00116149727147
694.3395273119879	0.9991560717340645
694.6728633119878	1.000570105132265
695.0061993119878	1.005149023286609
695.3395353119877	1.001931690660832
695.6728713119876	0.9981329451034419
696.0062073119875	1.0031350863387491
696.3395433119874	0.9978831405242143
696.6728793119873	0.9960263107274426
697.0062153119873	1.0001087651132166
697.3395513119872	1.0004429207030665
697.6728873119871	0.9965283395267498
698.006223311987	0.9968910101567806
698.3395593119869	0.999360397654942
698.6728953119868	0.9977674378651099
699.0062313119868	0.9986860091994123
699.3395673119867	0.9968872332735685
699.6729033119866	0.9965794944118165
700.0062393119865	0.995742098825417
700.3395753119864	0.9981743037515681
700.6729113119864	1.0007052726121566
701.0062473119863	0.9977214108330126
701.3395833119862	0.9982774516481389
701.6729193119861	0.9962520363084413
702.006255311986	0.9928356738384504
702.3395913119859	0.9961617978594418
702.6729273119859	0.996765215553563
703.0062633119858	0.9933195257378664
703.3395993119857	0.9945589749749078
703.6729353119856	0.9946521587213665
704.0062713119855	0.9952529761698176
704.3396073119854	0.9954272016742801
704.6729433119854	0.9964192367669317
705.0062793119853	0.9988002772178841
705.3396153119852	0.9962695418392766
705.6729513119851	0.9900865006323575
706.006287311985	0.9960981650874847
706.339623311985	0.9957925371742434
706.6729593119849	0.9984493437558158
707.0062953119848	0.9952215507146744
707.3396313119847	1.0003806986868513
707.6729673119846	0.9908172200411639
708.0063033119845	0.9966085102058941
708.3396393119845	0.9941745123227619
708.6729753119844	0.9960097942957024
709.0063113119843	0.9939579995214046
709.3396473119842	0.996943994415077
709.6729833119841	0.992819493162544
710.006319311984	1.000989243655141
710.339655311984	0.9913754297613874
710.6729913119839	0.9954435593396638
711.0063273119838	0.9982617864008533
711.3396633119837	0.9941080148953485
711.6729993119836	1.0029339725762936
712.0063353119835	0.9930882798055853
712.3396713119835	0.9970676379817276
712.6730073119834	0.9969998827656994
713.0063433119833	0.9935313032801871
713.3396793119832	0.9958981914603376
713.6730153119831	0.9986238987386112
714.006351311983	0.9969673818217715
714.339687311983	0.9990602479252234
714.6730233119829	0.9973317022980108
715.0063593119828	0.999746004296244
715.3396953119827	1.0030798725920762
715.6730313119826	0.9951918557128744
716.0063673119826	1.0018511990940162
716.3397033119825	0.9923729535872462
716.6730393119824	0.9981763184798882
717.0063753119823	1.0024041914828874
717.3397113119822	0.9977276041108665
717.6730473119821	0.9999811123323372
718.0063833119821	0.9995401399635374
718.339719311982	1.0016091102859528
718.6730553119819	1.0005580703211776
719.0063913119818	1.0027225915113387
719.3397273119817	1.0027066017772375
719.6730633119817	1.0030331333704876
720.0063993119816	0.9982840962769943
720.3397353119815	1.0028177024061786
720.6730713119814	1.0028247168009625
721.0064073119813	1.0029452294039936
721.3397433119812	1.0063741886951827
721.6730793119812	1.0020637624906923
722.0064153119811	1.0040510446532651
722.339751311981	1.0033072496200428
722.6730873119809	1.0030260132621254
723.0064233119808	1.0047947934664407
723.3397593119807	1.005005493312517
723.6730953119807	1.0036774376921775
724.0064313119806	1.0045928710183807
724.3397673119805	1.004664871842401
724.6731033119804	1.0042742586835394
725.0064393119803	1.0064944002808642
725.3397753119802	1.0060627497595014
725.6731113119802	1.007591375709781
726.0064473119801	1.00740310524368
726.33978331198	1.000561277781457
726.6731193119799	1.0029907616695837
727.0064553119798	1.0047938254202813
727.3397913119798	1.005573652255554
727.6731273119797	1.0048890972598203
728.0064633119796	1.0053783377499768
728.3397993119795	1.0055271848469252
728.6731353119794	1.0069261728878545
729.0064713119793	1.008896001974505
729.3398073119793	1.0059740956575676
729.6731433119792	1.004107742128232
730.0064793119791	1.0090384040041114
730.339815311979	1.0047798974247943
730.6731513119789	1.004373237025837
731.0064873119788	1.0051129859095067
731.3398233119788	1.0060638315861634
731.6731593119787	1.0041377617632719
732.0064953119786	1.004474152147495
732.3398313119785	1.0045554722903178
732.6731673119784	1.003523356798542
733.0065033119783	1.0029903803413418
733.3398393119783	1.0036963311564029
733.6731753119782	1.0017506618191583
734.0065113119781	1.0027780529746722
734.339847311978	1.002626352222398
734.6731833119779	1.0018166245825615
735.0065193119779	1.000345282102108
735.3398553119778	1.0030101665729876
735.6731913119777	0.9987914226275619
736.0065273119776	1.002392434475832
736.3398633119775	1.0000554000409325
736.6731993119774	1.000235240162522
737.0065353119774	1.0006893089901272
737.3398713119773	1.0017154166793225
737.6732073119772	1.0000881901558536
738.0065433119771	0.9984925354737336
738.339879311977	0.9973437775560238
738.673215311977	0.9998209530351647
739.0065513119769	0.9986519574839788
739.3398873119768	0.9984264726162767
739.6732233119767	0.9977339074846148
740.0065593119766	0.996626501678179
740.3398953119765	0.9965310671471291
740.6732313119765	0.9965837895504331
741.0065673119764	0.998147239654369
741.3399033119763	0.9956165739660128
741.6732393119762	0.9972852395882027
742.0065753119761	0.9977397464269677
742.339911311976	0.9958666068856667
742.673247311976	0.9938765533319527
743.0065833119759	0.9941612355425495
743.3399193119758	0.9959342696405333
743.6732553119757	0.9954744823273948
744.0065913119756	0.9939647132903745
744.3399273119755	0.9971050807340458
744.6732633119755	0.9968788560166979
745.0065993119754	0.993362817974184
745.3399353119753	0.9928745579638081
745.6732713119752	0.9935950250635386
746.0066073119751	0.9926150329739997
746.339943311975	0.9967322711555789
746.673279311975	0.9912892426139227
747.0066153119749	0.997451171456749
747.3399513119748	0.9932711538978123
747.6732873119747	0.9932237261355982
748.0066233119746	0.991608001055582
748.3399593119746	0.9941421375868564
748.6732953119745	0.9932851330007142
749.0066313119744	0.9915257941840799
749.3399673119743	0.9876526454541853
749.6733033119742	0.9949743405597989
750.0066393119741	0.9911969089244573
750.3399753119741	0.9972376320879958
750.673311311974	0.996329305466491
751.0066473119739	0.9926721472283715
751.3399833119738	0.9941231695188031
751.6733193119737	0.9931092964599505
752.0066553119736	0.9930711049136187
752.3399913119736	0.9950135639647708
752.6733273119735	0.9934678439949745
753.0066633119734	0.9939820734010456
753.3399993119733	0.9934387961244688
753.6733353119732	0.9923123915037318
754.0066713119732	0.9955771455854728
754.3400073119731	0.9959645321681323
754.673343311973	0.9933989641212696
755.0066793119729	0.9963731478037913
755.3400153119728	0.9937517165445511
755.6733513119727	0.9938072931141161
756.0066873119727	0.9944938823008828
756.3400233119726	0.9937279200553066
756.6733593119725	0.9977720895733272
757.0066953119724	0.995682661647669
757.3400313119723	0.9957079367244194
757.6733673119722	0.9943752399933214
758.0067033119722	0.9967144373921296
758.3400393119721	0.9966079216153538
758.673375311972	0.9968018707353508
759.0067113119719	0.9951738502474559
759.3400473119718	0.9984516820847298
759.6733833119717	0.9953262628300438
760.0067193119717	0.9986008591719777
760.3400553119716	0.9964807651709477
760.6733913119715	0.9961115615659287
761.0067273119714	0.9952524657159776
761.3400633119713	0.9983604872156908
761.6733993119713	0.9999791930483481
762.0067353119712	0.9997787882938085
762.3400713119711	0.9994020614887239
762.673407311971	0.9991337318335526
763.0067433119709	1.0011715050202925
763.3400793119708	0.9996894978116598
763.6734153119708	1.0015125125020323
764.0067513119707	0.9996256647262708
764.3400873119706	0.9977471684189679
764.6734233119705	1.0022729153550423
765.0067593119704	1.0019892778461954
765.3400953119703	1.0042714792016578
765.6734313119703	1.0006699354567423
766.0067673119702	1.0033500391617673
766.3401033119701	1.0021948085515637
766.67343931197	1.0025049396519627
767.0067753119699	1.002573341054854
767.3401113119698	1.0048005907960884
767.6734473119698	1.0026934955853195
768.0067833119697	1.006440973457714
768.3401193119696	1.0083468799270856
768.6734553119695	1.0051276926527968
769.0067913119694	1.0044991856197736
769.3401273119694	1.0063763336687768
769.6734633119693	1.0040810178723414
770.0067993119692	1.006383149589144
770.3401353119691	1.0098880887584005
770.673471311969	1.0036232070247617
771.0068073119689	1.0062121043227028
771.3401433119689	1.0053162539909186
771.6734793119688	1.0066234284822633
772.0068153119687	1.0069295296766025
772.3401513119686	1.0066241289949132
772.6734873119685	1.006414368548172
773.0068233119684	1.0080389399861958
773.3401593119684	1.0093236534610475
773.6734953119683	1.0076831267999813
774.0068313119682	1.0051398676937797
774.3401673119681	1.007355789632558
774.673503311968	1.0077811254243103
775.006839311968	1.0069204686607107
775.3401753119679	1.0083297687682888
775.6735113119678	1.0073183870673843
776.0068473119677	1.0070867988755035
776.3401833119676	1.0072151947188113
776.6735193119675	1.0077396566955878
777.0068553119675	1.0075724736048741
777.3401913119674	1.008436217159689
777.6735273119673	1.007210928984282
778.0068633119672	1.0074891488901614
778.3401993119671	1.0067633505556806
778.673535311967	1.0089131692770583
779.006871311967	1.0082068700429363
779.3402073119669	1.0076349816058383
779.6735433119668	1.0081382826152243
780.0068793119667	1.0085519616330856
780.3402153119666	1.0074331772892822
780.6735513119665	1.0043333710259943
781.0068873119665	1.009086854774622
781.3402233119664	1.0068949882346843
781.6735593119663	1.0068750434907159
782.0068953119662	1.0071178600888522
782.3402313119661	1.0043773015493151
782.673567311966	1.0081087897775782
783.006903311966	1.0077558335170982
783.3402393119659	1.0048474097884454
783.6735753119658	1.0067361090729343
784.0069113119657	1.0046354821605776
784.3402473119656	1.0061136388179088
784.6735833119656	1.0052339978613374
785.0069193119655	1.0048253224806256
785.3402553119654	1.0089319016069969
785.6735913119653	1.0034398882776179
786.0069273119652	1.0022016181637403
786.3402633119651	1.0041932616760254
786.6735993119651	1.0006502104981183
787.006935311965	1.0023303119928002
787.3402713119649	1.003486387621118
787.6736073119648	1.0005273906280143
788.0069433119647	1.0020302929457068
788.3402793119647	1.0021715749408349
788.6736153119646	1.0014778763005074
789.0069513119645	1.0010761689266745
789.3402873119644	1.0006075410993085
789.6736233119643	1.0005894656264842
790.0069593119642	0.9984425015774216
790.3402953119642	1.0025366837084508
790.6736313119641	0.9975234222258462
791.006967311964	0.9985979290796945
791.3403033119639	0.9979181535486161
791.6736393119638	0.9967643784040868
792.0069753119637	0.995656057009801
792.3403113119637	0.9979376044972389
792.6736473119636	0.9974553894109859
793.0069833119635	0.9981768401699493
793.3403193119634	0.9952921039719366
793.6736553119633	0.9951735447228651
794.0069913119632	0.9959137397612945
794.3403273119632	0.9960359269454313
794.6736633119631	0.9938931731624412
795.006999311963	0.9966760597189059
795.3403353119629	0.9942558655570334
795.6736713119628	0.9965825081701292
796.0070073119628	0.993372179266073
796.3403433119627	0.993942451833554
796.6736793119626	0.989796236998207
797.0070153119625	0.9885389576531788
797.3403513119624	0.9933362354836719
797.6736873119623	0.9927268642937619
798.0070233119623	0.9930123203173588
798.3403593119622	0.9913178284262445
798.6736953119621	0.9921782909213576
799.007031311962	0.994066191936038
799.3403673119619	0.9940329841154525
799.6737033119618	0.9902723214287326
800.0070393119618	0.9901375910120294
800.3403753119617	0.9911886122248225
800.6737113119616	0.9920020825199536
801.0070473119615	0.9918173173866028
801.3403833119614	0.9907925229649069
801.6737193119613	0.993003835691809
802.0070553119613	0.9943095494774339
802.3403913119612	0.9900339509359443
802.6737273119611	0.991410699946758
803.007063311961	0.9915988015455806
803.3403993119609	0.9914235662627309
803.6737353119609	0.9896875875366719
804.0070713119608	0.9920148366439956
804.3404073119607	0.9917829488708946
804.6737433119606	0.9931040427323364
805.0070793119605	0.9930350747681593
805.3404153119604	0.991948451153965
805.6737513119604	0.9892643099223496
806.0070873119603	0.9960983854352411
806.3404233119602	0.9944850309368423
806.6737593119601	0.9926394437876818
807.00709531196	0.991515542581785
807.34043131196	0.9942148493761469
807.6737673119599	0.9954471793243579
808.0071033119598	0.994351629263103
808.3404393119597	0.9992088466612079
808.6737753119596	0.997981140323449
809.0071113119595	0.9949181985664378
809.3404473119595	0.998759327288193
809.6737833119594	0.9964634311274366
810.0071193119593	0.9982861192076111
810.3404553119592	0.9972577117720622
810.6737913119591	0.998515059029938
811.007127311959	0.9992646324908571
811.340463311959	1.001534665566965
811.6737993119589	0.9980683435509163
812.0071353119588	0.9993786861273861
812.3404713119587	1.0010807658051266
812.6738073119586	1.0011357405720736
813.0071433119585	1.002108928108646
813.3404793119585	1.0024684800015065
813.6738153119584	0.9986902611253429
814.0071513119583	1.0030990818091463
814.3404873119582	1.0023546474746978
814.6738233119581	1.0038507346211811
815.007159311958	1.0015547874208797
815.340495311958	1.0025571936038362
815.6738313119579	1.0022457374165488
816.0071673119578	1.0036005855616907
816.3405033119577	1.0031998262629005
816.6738393119576	1.0038911412040943
817.0071753119576	1.0047443607474933
817.3405113119575	1.0038183347840144
817.6738473119574	1.0030514446308456
818.0071833119573	1.0036701482393025
818.3405193119572	1.0045373825036927
818.6738553119571	1.0097296724620566
819.0071913119571	1.00562199791054
819.340527311957	1.0028925905273225
819.6738633119569	1.007415686582683
820.0071993119568	1.0017996955629638
820.3405353119567	1.0041590358138934
820.6738713119566	1.0032220197857402
821.0072073119566	1.0051565526459743
821.3405433119565	1.0032114873958222
821.6738793119564	1.0032866147078119
822.0072153119563	1.0034692001726775
822.3405513119562	1.0018609978609911
822.6738873119562	1.0046489381491337
823.0072233119561	1.0040513455802538
823.340559311956	1.0064967394327122
823.6738953119559	1.0062727061136103
824.0072313119558	1.0026743419504336
824.3405673119557	0.9998676965591181
824.6739033119557	1.002024138104362
825.0072393119556	1.0050663589943998
825.3405753119555	1.0015113237387547
825.6739113119554	1.0029268110527916
826.0072473119553	1.0009795610101169
826.3405833119552	1.0008749725230977
826.6739193119552	1.0013599757379328
827.0072553119551	1.000624673337143
827.340591311955	1.0005438286003838
827.6739273119549	0.9987890968410033
828.0072633119548	1.0017911117302856
828.3405993119547	0.9985088291782037
828.6739353119547	0.9961558411047202
829.0072713119546	0.9987042472992613
829.3406073119545	0.9955077232139327
829.6739433119544	0.9983936395575826
830.0072793119543	0.997028867353876
830.3406153119543	0.9979711906945538
830.6739513119542	0.9992383385426681
831.0072873119541	0.998239501256814
831.340623311954	0.9963969074390719
831.6739593119539	0.9988650841356027
832.0072953119538	0.9940523388404398
832.3406313119538	0.9953212964137824
832.6739673119537	0.9983176264498341
833.0073033119536	0.9973587925602264
833.3406393119535	0.9982481121489793
833.6739753119534	0.9927810894300341
834.0073113119533	0.9905154885376923
834.3406473119533	1.001186155115634
834.6739833119532	0.9961657500842418
835.0073193119531	0.9967830610739874
835.340655311953	0.9973996482914534
835.6739913119529	0.9969068944929617
836.0073273119528	0.9980678172616538
836.3406633119528	0.9943280008900319
836.6739993119527	0.9962800544083273
837.0073353119526	0.9972380920047608
837.3406713119525	0.9969442782922318
837.6740073119524	0.9956792311789749
838.0073433119524	0.9991949904520758
838.3406793119523	0.9950052300769868
838.6740153119522	0.9987940443659764
839.0073513119521	0.9976747844893247
839.340687311952	0.9978453434625768
839.6740233119519	0.9983766044157242
840.0073593119519	0.9986968708992989
840.3406953119518	0.9968521810641845
840.6740313119517	0.9981688639807049
841.0073673119516	0.9996927611148044
841.3407033119515	0.9978145168660316
841.6740393119514	0.997605091123816
842.0073753119514	1.000428349824679
842.3407113119513	1.0009081334117613
842.6740473119512	1.0028691378768517
843.0073833119511	1.0010091986677836
843.340719311951	1.0026169127613564
843.674055311951	1.0017269186187907
844.0073913119509	1.004018280060167
844.3407273119508	1.004710257133441
844.6740633119507	1.0037654062352233
845.0073993119506	1.0050377096384537
845.3407353119505	1.0053381672076547
845.6740713119505	1.003851644484185
846.0074073119504	1.002781714609294
846.3407433119503	1.0051760169999768
846.6740793119502	1.0059352507526393
847.0074153119501	1.005033015276886
847.34075131195	1.0031738048050964
847.67408731195	1.0053617552232377
848.0074233119499	1.0061410369351835
848.3407593119498	1.0080324891521006
848.6740953119497	1.0060957634339276
849.0074313119496	1.007203124341058
849.3407673119495	1.0101575246434942
849.6741033119495	1.0062266153745092
850.0074393119494	1.0094813589708937
850.3407753119493	1.0089488784126406
850.6741113119492	1.0091452805527574
851.0074473119491	1.008222081707217
851.340783311949	1.0104019085984068
851.674119311949	1.010044596080482
852.0074553119489	1.0092832060640136
852.3407913119488	1.0105153707935068
852.6741273119487	1.0096925587490104
853.0074633119486	1.0086960458289798
853.3407993119486	1.0094197090021173
853.6741353119485	1.0093297062308955
854.0074713119484	1.008140963952356
854.3408073119483	1.0077592961914639
854.6741433119482	1.0093313910289905
855.0074793119481	1.0083918248470536
855.3408153119481	1.0083140804746111
855.674151311948	1.0079673142552013
856.0074873119479	1.00788075492109
856.3408233119478	1.0070318376531857
856.6741593119477	1.0073757087041288
857.0074953119477	1.0071012697109543
857.3408313119476	1.007155998709349
857.6741673119475	1.005030639778082
858.0075033119474	1.0059456857044724
858.3408393119473	1.0059119875143936
858.6741753119472	1.0046745968033453
859.0075113119472	1.0045767982234908
859.3408473119471	1.005247316967335
859.674183311947	1.0033109099406388
860.0075193119469	1.0014517409544235
860.3408553119468	1.0027203624860972
860.6741913119467	1.0029610715779418
861.0075273119467	1.0019281751019802
861.3408633119466	1.0014075301303222
861.6741993119465	1.001041661520367
862.0075353119464	1.0009501986588012
862.3408713119463	1.0004855155061048
862.6742073119462	1.0000025941031245
863.0075433119462	0.9995439173338142
863.3408793119461	0.9986354348496609
863.674215311946	0.9980419693375732
864.0075513119459	0.9978948191061968
864.3408873119458	0.9967186362441858
864.6742233119458	0.9977423754129421
865.0075593119457	0.9972020954502985
865.3408953119456	0.9972845394476753
865.6742313119455	0.9950370557743083
866.0075673119454	0.9954290864319512
866.3409033119453	0.9925768370629564
866.6742393119453	0.99406267639982
867.0075753119452	0.9932267619535111
867.3409113119451	0.9940783296411272
867.674247311945	0.9920767662369199
868.0075833119449	0.9924832914541535
868.3409193119448	0.9949940694338354
868.6742553119448	0.9931825247767619
869.0075913119447	0.9906047253535053
869.3409273119446	0.9919051638101554
869.6742633119445	0.9906259944736551
870.0075993119444	0.9909057740540688
870.3409353119443	0.9887552923255871
870.6742713119443	0.9924483909109982
871.0076073119442	0.9850153811930584
978.0033754079924	0.9942716154425132
978.3367114079923	0.9957787989135615
978.6700474079922	1.0021381117464372
979.0033834079921	0.9967298509991084
979.3367194079921	1.0005579103272746
979.670055407992	0.9977820535786234
980.0033914079919	0.9968445895409561
980.3367274079918	1.00068281922494
980.6700634079917	0.9972153126737211
981.0033994079917	0.9984120544256713
981.3367354079916	0.997039196095214
981.6700714079915	0.9980021276697959
982.0034074079914	0.9965138341996977
982.3367434079913	0.9986370221741545
982.6700794079912	0.9965660857965303
983.0034154079912	0.9991955204351336
983.3367514079911	0.9981546184547038
983.670087407991	0.9997071559980978
984.0034234079909	0.9988528282084109
984.3367594079908	0.9984839905449406
984.6700954079907	0.9955852123259636
985.0034314079907	1.0009906924859555
985.3367674079906	0.9957432548934909
985.6701034079905	0.9985216783303974
986.0034394079904	0.9975178245854207
986.3367754079903	0.9972577725907703
986.6701114079902	0.9984371404496137
987.0034474079902	0.9990930409888105
987.3367834079901	0.9977207768206248
987.67011940799	0.998928654182682
988.0034554079899	0.9983676479122708
988.3367914079898	0.99827856257613
988.6701274079898	0.9968913161024445
989.0034634079897	0.9992367140844974
989.3367994079896	1.0010843750543899
989.6701354079895	0.996329698985872
990.0034714079894	1.0010440935461
990.3368074079893	0.9974288724190942
990.6701434079893	0.9996686086197546
991.0034794079892	0.9986489563085493
991.3368154079891	0.9982278130685911
991.670151407989	0.9979983382808595
992.0034874079889	0.9983684211884484
992.3368234079888	0.9987927729458013
992.6701594079888	0.9987973279180482
993.0034954079887	0.9983560638974434
993.3368314079886	0.9972094295899395
993.6701674079885	0.9992345677013502
994.0035034079884	1.0007491635128172
994.3368394079884	0.9978373755511694
994.6701754079883	0.9992062782908164
995.0035114079882	0.998219208694233
995.3368474079881	1.0000545388892939
995.670183407988	0.9966861186167425
996.0035194079879	1.0050007346034315
996.3368554079879	1.0025811678941168
996.6701914079878	0.9940301298697986
997.0035274079877	0.999267470616099
997.3368634079876	1.00194717729797
997.6701994079875	0.9985077750669623
998.0035354079874	1.0015993584889162
998.3368714079874	1.0024644791242223
998.6702074079873	0.9999354304996347
999.0035434079872	0.999940192901287
999.3368794079871	1.0011230066522194
999.670215407987	0.9999842487770452
1000.003551407987	1.0019695115686507
1000.3368874079869	0.999442113027281
1000.6702234079868	1.0025115357255823
1001.0035594079867	1.0014646562860654
1001.3368954079866	0.9998569479851253
1001.6702314079865	1.0019419182248102
1002.0035674079865	1.001036207103096
1002.3369034079864	1.0034913798160485
1002.6702394079863	0.9991958938472042
1003.0035754079862	1.001230302776649
1003.3369114079861	1.00504892261504
1003.670247407986	1.0031693039471994
1004.003583407986	1.0019913010072432
1004.3369194079859	1.0033703744511415
1004.6702554079858	1.00174998267416
1005.0035914079857	1.0035186844113433
1005.3369274079856	1.004813278314973
1005.6702634079855	1.0041499303818813
1006.0035994079855	1.0018371652752323
1006.3369354079854	1.0049736649362564
1006.6702714079853	1.003456163787821
1007.0036074079852	1.0045773219792737
1007.3369434079851	1.0059328641817917
1007.670279407985	1.0076701711354996
1008.003615407985	1.0051854215534017
1008.3369514079849	1.0061745455598992
1008.6702874079848	1.0046817469105724
1009.0036234079847	1.0049308562616752
1009.3369594079846	1.0051155105902585
1009.6702954079846	1.0040639711412696
1010.0036314079845	1.0041165986745477
1010.3369674079844	1.004019861262118
1010.6703034079843	1.0051839635474187
1011.0036394079842	1.0059411090283
1011.3369754079841	1.0072474025593057
1011.6703114079841	1.0059531444415581
1012.003647407984	1.005739953109204
1012.3369834079839	1.0094816845288554
1012.6703194079838	1.005831216022316
1013.0036554079837	1.0066733562119545
1013.3369914079836	1.0068963389793784
1013.6703274079836	1.005676083989194
1014.0036634079835	1.006405675292487
1014.3369994079834	1.0073883691703829
1014.6703354079833	1.0063852814099128
1015.0036714079832	1.0049065758224796
1015.3370074079832	1.0059784643174023
1015.6703434079831	1.0052809792267803
1016.003679407983	1.0059585604497396
1016.3370154079829	1.0057329459068722
1016.6703514079828	1.0048627297898225
1017.0036874079827	1.0056665905962954
1017.3370234079827	1.00412350748625
1017.6703594079826	1.003886838701434
1018.0036954079825	1.005893762057165
1018.3370314079824	1.00287686588132
1018.6703674079823	1.0073490967865764
1019.0037034079822	1.0027571198284428
1019.3370394079822	1.0069821280399542
1019.6703754079821	1.0055924772947056
1020.003711407982	1.0017429344726092
1020.3370474079819	1.0023380011213123
1020.6703834079818	1.003359718884714
1021.0037194079817	1.0027445455699697
1021.3370554079817	1.0037864502408405
1021.6703914079816	1.0028633883361733
1022.0037274079815	1.0017760286721697
1022.3370634079814	1.0025392114409863
1022.6703994079813	1.0057590526729399
1023.0037354079813	1.0000686198659838
1023.3370714079812	1.0026310949541792
1023.6704074079811	1.000449842404937
1024.003743407981	0.9993403312282981
1024.337079407981	1.0005698291704852
1024.6704154079807	0.9967830710051279
1025.0037514079809	1.0027291755950314
1025.3370874079806	1.0022169145499034
1025.6704234079807	0.994707765462143
1026.0037594079804	0.9996436008044967
1026.3370954079805	1.0018209223989083
1026.6704314079802	0.9972163679887389
1027.0037674079804	0.9995807888861624
1027.33710340798	0.997757294107566
1027.6704394079802	0.9975465004014311
1028.00377540798	0.9983062755949879
1028.33711140798	0.9958286484860762
1028.6704474079797	0.9927397367914113
1029.0037834079799	0.9971890378847089
1029.3371194079796	0.9946483747443688
1029.6704554079797	0.9955786458876694
1030.0037914079794	0.9955584556553977
1030.3371274079796	0.9977862072411435
1030.6704634079792	0.9938988091750747
1031.0037994079794	0.9950165650508617
1031.337135407979	0.9968277518177369
1031.6704714079792	0.9951123380881634
1032.003807407979	0.9941095928538214
1032.337143407979	0.9965850809130762
1032.6704794079787	0.9955970190009471
1033.003815407979	0.9972479379263832
1033.3371514079786	0.9938192911700133
1033.6704874079787	0.9957021916119322
1034.0038234079784	0.994628090009312
1034.3371594079786	0.9957776021171758
1034.6704954079783	0.9929028032258307
1035.0038314079784	0.994570884875996
1035.337167407978	0.9960676125211595
1035.6705034079782	0.9967070945919296
1036.003839407978	0.9908946709987342
1036.337175407978	0.9961626913000047
1036.6705114079778	0.9934419469391834
1037.003847407978	0.9939563976183681
1037.3371834079776	0.9935101472747859
1037.6705194079777	0.9910424369198403
1038.0038554079774	0.995630954131402
1038.3371914079776	0.9971522113475039
1038.6705274079773	0.9930224543407521
1039.0038634079774	0.9953216153279068
1039.337199407977	0.9931521248074157
1039.6705354079772	0.9957399967465631
1040.003871407977	0.9925274302838628
1040.337207407977	0.9958275434065704
1040.6705434079768	1.00136867853141
1041.003879407977	0.9917859809381853
1041.3372154079766	0.9948652071672432
1041.6705514079767	0.9938228923223321
1042.0038874079764	0.9950974392111471
1042.3372234079766	0.9940203511148449
1042.6705594079763	0.9937177195443574
1043.0038954079764	0.9921543236475016
1043.337231407976	0.9946256565450563
1043.6705674079763	0.9943566573820091
1044.003903407976	0.9935907244323232
1044.337239407976	0.9936894441939301
1044.6705754079758	0.9964222247580438
1045.003911407976	0.9935071245950242
1045.3372474079756	0.9990871726379494
1045.6705834079758	0.9949007787260123
1046.0039194079754	0.9943068053863654
1046.3372554079756	0.9950573541298532
1046.6705914079753	0.9942975940946379
1047.0039274079754	0.998147547177947
1047.3372634079751	0.996983379683077
1047.6705994079753	0.991595490691003
1048.003935407975	0.9983022393862391
1048.337271407975	0.9945436121795986
1048.6706074079748	0.9959856232751302
1049.003943407975	0.9934012344794612
1049.3372794079746	0.9970211371093408
1049.6706154079748	0.993687430577393
1050.0039514079745	0.9950860680470285
1050.3372874079746	0.9952060769191491
1050.6706234079743	0.9960072291389915
1051.0039594079744	0.9969073132145453
1051.3372954079741	0.9950185824920291
1051.6706314079743	0.9977168474637168
1052.003967407974	0.9951774255090413
1052.337303407974	0.9992465107578599
1052.6706394079738	0.9976589454425389
1053.003975407974	0.9951823357431188
1053.3373114079736	0.9959824862621581
1053.6706474079738	0.9981256441567435
1054.0039834079735	0.9977945389175017
1054.3373194079736	0.9985431080052919
1054.6706554079733	1.0004978094744517
1055.0039914079734	0.9976013851213319
1055.3373274079731	1.0003820813327806
1055.6706634079733	0.9952555857312578
1056.003999407973	1.0001133599614263
1056.3373354079731	0.9989547500414387
1056.6706714079728	0.9999889619994656
1057.004007407973	1.0004995594226425
1057.3373434079726	0.9980840374736609
1057.6706794079728	1.0026543901780371
1058.0040154079725	1.0007796830652562
1058.3373514079726	1.0000205488432432
1058.6706874079723	1.0024026497721485
1059.0040234079725	1.0023201405069335
1059.3373594079721	1.002415489555351
1059.6706954079723	1.0018434053360243
1060.004031407972	1.0055779973598513
1060.3373674079721	1.003278010822596
1060.6707034079718	1.0049814660992564
1061.004039407972	1.0040958314325166
1061.3373754079716	1.0039461845675923
1061.6707114079718	1.0062854961462293
1062.0040474079715	1.0059347363188635
1062.3373834079716	1.0028277115597113
1062.6707194079713	1.0050167337797615
1063.0040554079715	1.0053992069190878
1063.3373914079712	1.0052339561831907
1063.6707274079713	1.0064315710419802
1064.004063407971	1.0060668168765299
1064.3373994079711	1.0063703329203915
1064.6707354079708	1.0078575415716258
1065.004071407971	1.006939409005435
1065.3374074079707	1.0059883652400994
1065.6707434079708	1.0076772035022592
1066.0040794079705	1.0079807641955885
1066.3374154079706	1.0080195501802662
1066.6707514079703	1.009979141168961
1067.0040874079705	1.0090888861804235
1067.3374234079702	1.00680642625562
1067.6707594079703	1.007909031670149
1068.00409540797	1.0092587196756855
1068.3374314079701	1.0076207602203393
1068.6707674079698	1.0107262215575492
1069.00410340797	1.009723361635606
1069.3374394079697	1.0074410709449135
1069.6707754079698	1.009644471045939
1070.0041114079695	1.0072953930648205
1070.3374474079696	1.0077556685642113
1070.6707834079693	1.0084244606445418
1071.0041194079695	1.0073459611780993
1071.3374554079692	1.0076930553045824
1071.6707914079693	1.0090474002884386
1072.004127407969	1.0078755824497314
1072.3374634079692	1.0073705522088465
1072.6707994079688	1.0068484655493621
1073.004135407969	1.0080966290131361
1073.3374714079687	1.0062827029515484
1073.6708074079688	1.0040727994239351
1074.0041434079685	1.0069237764975507
1074.3374794079687	1.0070673703197375
1074.6708154079683	1.0064566626491949
1075.0041514079685	1.0050416506001165
1075.3374874079682	1.0051423816957405
1075.6708234079683	1.0054541906079557
1076.004159407968	1.0049054486287656
1076.3374954079682	1.005908421762891
1076.6708314079679	1.0050382126254536
1077.004167407968	1.0010625077179316
1077.3375034079677	1.0042598001207457
1077.6708394079678	1.0013467746103089
1078.0041754079675	1.0020883248950905
1078.3375114079677	1.002089884890621
1078.6708474079674	1.0017787737019372
1079.0041834079675	1.0024344586947214
1079.3375194079672	1.0001264215193413
1079.6708554079673	0.9986485483676061
1080.004191407967	1.0013648945625075
1080.3375274079672	0.998134032648301
1080.6708634079669	0.9998946485996411
1081.004199407967	0.9986030523934918
1081.3375354079667	0.9987357723481387
1081.6708714079668	0.9967228195383202
1082.0042074079665	0.9989337147203674
1082.3375434079667	0.9977823323778958
1082.6708794079664	0.9958370574364147
1083.0042154079665	0.9963276517309283
1083.3375514079662	0.9957355606839658
1083.6708874079663	0.9924541976382848
1084.004223407966	0.9950924751079082
1084.3375594079662	0.993816156412221
1084.6708954079659	0.9967451413453601
1085.004231407966	0.9934932030350211
1085.3375674079657	0.9966431478166886
1085.6709034079659	0.992696211411202
1086.0042394079655	0.9957646971190633
1086.3375754079657	0.9934126839028099
1086.6709114079654	0.994984467788333
1087.0042474079655	0.9929078578134012
1087.3375834079652	0.9925682227598562
1087.6709194079654	0.9918980715064308
1088.004255407965	0.99314036136795
1088.3375914079652	0.9929226291210456
1088.6709274079649	0.9941732665778582
1089.004263407965	0.9946689829960723
1089.3375994079647	0.9949514299408307
1089.6709354079649	0.9889756818354619
1090.0042714079646	0.9915915294635378
1090.3376074079647	0.9936470383970053
1090.6709434079644	0.994646124631941
1091.0042794079645	0.9940300974765912
1091.3376154079642	0.9940684782940612
1091.6709514079644	0.9944635907740045
1092.004287407964	0.9971461369949033
1092.3376234079642	0.9897233205016686
1092.670959407964	0.9943712606733014
1093.004295407964	0.9955127929302447
1093.3376314079637	0.9953735164071484
1093.6709674079639	0.9969159138932128
1094.0043034079636	0.996031635603437
1094.3376394079637	0.998188874890723
1094.6709754079634	0.9988851124362954
1095.0043114079635	0.9942711805999465
1095.3376474079632	1.004079143549378
1095.6709834079634	0.9997244855233606
1096.004319407963	0.9964218603192957
1096.3376554079632	0.9995362621712159
1096.670991407963	1.0044507922599064
1097.004327407963	0.9930527497680316
1097.3376634079627	0.9976866900477268
1097.6709994079629	1.0012986955036733
1098.0043354079626	1.0023358872966965
1098.3376714079627	1.000243181246825
1098.6710074079624	1.0023401697930325
1099.0043434079626	1.0002646702772993
1099.3376794079622	1.0019305015672948
1099.6710154079624	1.0005013709715567
1100.004351407962	1.0014369628591473
1100.3376874079622	1.0034164448138096
1100.671023407962	1.003275593480716
1101.004359407962	1.0033331358356097
1101.3376954079617	1.004664076523767
1101.671031407962	1.001753939213861
1102.0043674079616	1.005152799941101
1102.3377034079617	1.0069789135346607
1102.6710394079614	1.002058852043604
1103.0043754079616	1.0062675183528549
1103.3377114079613	1.0034539574257055
1103.6710474079614	1.0058714979681318
1104.004383407961	1.004039685390147
1104.3377194079612	1.0067919122856586
1104.671055407961	1.005013911343405
1105.004391407961	1.006031002583627
1105.3377274079608	1.0035267663323675
1105.671063407961	1.0067943907796655
1106.0043994079606	1.0043224198146756
1106.3377354079607	1.005189986274244
1106.6710714079604	1.007576380184989
1107.0044074079606	1.0040893790583822
1107.3377434079603	1.004933763582087
1107.6710794079604	1.0045144388733032
1108.00441540796	1.004005980052257
1108.3377514079602	1.0031822294763888
1108.67108740796	1.005484242726528
1109.00442340796	1.0006738234748391
1109.3377594079598	1.0020481913812556
1109.67109540796	1.0042852727915519
1110.0044314079596	1.0017076141310413
1110.3377674079597	0.9968120475864307
1110.6711034079594	1.0058418159436084
1111.0044394079596	0.9992872063102736
1111.3377754079593	1.0000438111242567
1111.6711114079594	1.0006289972114113
1112.004447407959	1.000059718294129
1112.3377834079593	0.9978979672264072
1112.671119407959	0.9992323267728427
1113.004455407959	0.9968853701737795
1113.3377914079588	1.001285768973437
1113.671127407959	0.9923396097170739
1114.0044634079586	0.9954056974278483
1114.3377994079588	0.9999360206596102
1114.6711354079584	0.9962680775934247
1115.0044714079586	0.9987005723346158
1115.3378074079583	0.9940711079039843
1115.6711434079584	0.9963551830768178
1116.0044794079581	0.9951149944100576
1116.3378154079583	0.9937344324701528
1116.671151407958	0.9919036448914278
1117.004487407958	0.9924889763613493
1117.3378234079578	0.9924972952373508
1117.671159407958	0.9899651443804796
1118.0044954079576	0.9935797082980488
1118.3378314079578	0.9899079401583493
1118.6711674079575	0.9954408722018843
1119.0045034079576	0.9855615648672125
1119.3378394079573	0.9884232715848367
1119.6711754079574	0.9932432209147505
1120.0045114079571	0.9901574710521239
1120.3378474079573	0.9918270951486414
1120.671183407957	0.9907223068274869
1121.004519407957	0.9919196388798629
1121.3378554079568	0.9889235085002482
1121.671191407957	0.9896869402602927
1122.0045274079566	0.9904171323236945
1122.3378634079568	0.9960771357973064
1122.6711994079565	0.9919878780016782
1123.0045354079566	0.9905669779826968
1123.3378714079563	0.9928250811682634
1123.6712074079564	0.9966334055469519
1124.0045434079561	0.987467103540578
1124.3378794079563	0.9945339874688409
1124.671215407956	0.9926722966682193
1125.0045514079561	0.9941813062408397
1125.3378874079558	0.9916174520758714
1125.671223407956	0.99348713025541
1126.0045594079556	0.9937846590116683
1126.3378954079558	0.9956129330431059
1126.6712314079555	0.9933667126548046
1127.0045674079556	0.9938222019292947
1127.3379034079553	0.9934893666371839
1127.6712394079555	0.9927020895345567
1128.0045754079551	0.9967350770572535
1128.3379114079553	0.9966352559372366
1128.671247407955	0.9963271912803517
1129.0045834079551	0.9956741346734961
1129.3379194079548	0.9967604047737751
1129.671255407955	0.9973843253520019
1130.0045914079546	0.9993887081031447
1130.3379274079548	0.9983214928572108
1130.6712634079545	0.9976971435986167
1131.0045994079546	1.0036316441948359
1131.3379354079543	0.9984949904911913
1131.6712714079545	1.0034069046979643
1132.0046074079542	1.0020976113976718
1132.3379434079543	1.0033891702695104
1132.671279407954	1.0014584420561732
1133.0046154079541	1.0049407065537723
1133.3379514079538	1.001837363917267
1133.671287407954	1.0059588944406113
1134.0046234079537	1.005959058534968
1134.3379594079538	1.0072956126731962
1134.6712954079535	1.0105113642921262
1135.0046314079536	1.0065071246523511
1135.3379674079533	1.0073921069390164
1135.6713034079535	1.0053161086564302
1136.0046394079532	1.007874471365141
1136.3379754079533	1.0077025156381823
1136.671311407953	1.0086246485655326
1137.0046474079531	1.0068068883240273
1137.3379834079528	1.0057685397546876
1137.671319407953	1.007395150933103
1138.0046554079527	1.0087661210145094
1138.3379914079528	1.009668119540868
1138.6713274079525	1.0095665047383897
1139.0046634079526	1.0099476717701226
1139.3379994079523	1.0114903833595807
1139.6713354079525	1.0088700264180686
1140.0046714079522	1.0112862652997388
1140.3380074079523	1.0104350236418147
1140.671343407952	1.0098327750339386
1141.0046794079522	1.0098612623217134
1141.3380154079518	1.0111912708982884
1141.671351407952	1.0098694556946841
1142.0046874079517	1.0086412640400368
1142.3380234079518	1.0056558062095562
1142.6713594079515	1.0072146956369903
1143.0046954079517	1.0095863406451422
1143.3380314079513	1.008216298540394
1143.6713674079515	1.0100885100589918
1144.0047034079512	1.0090148241159462
1144.3380394079513	1.00637711396
1144.671375407951	1.008979736251795
1145.0047114079512	1.005419832404582
1145.3380474079509	1.0051535346127176
1145.671383407951	1.007597560059044
1146.0047194079507	1.0070815951004815
1146.3380554079508	1.0061026779935978
1146.6713914079505	1.0075679948097842
1147.0047274079507	1.0036843906199633
1147.3380634079504	1.0105233139867156
1147.6713994079505	1.006639942741406
1148.0047354079502	1.0021279137625994
1148.3380714079503	1.0051461633136054
1148.67140740795	0.9992768953055672
1149.0047434079502	1.0023622478871943
1149.3380794079499	1.0027645686515518
1149.67141540795	1.003618899172927
1150.0047514079497	1.0003761513442055
1150.3380874079498	1.0015712185339458
1150.6714234079495	1.001537400239398
1151.0047594079497	0.9979297744158888
1151.3380954079494	0.998830109889719
1151.6714314079495	0.9980460689722044
1152.0047674079492	1.0020308270495522
1152.3381034079493	0.9992774888353642
1152.671439407949	0.9987575575249422
1153.0047754079492	0.9966281338803531
1153.3381114079489	0.9980433524862208
1153.671447407949	0.9972155461832604
1154.0047834079487	0.9966857384326697
1154.3381194079489	0.9977850580822174
1154.6714554079485	0.9975158745095835
1155.0047914079487	0.9951733994547282
1155.3381274079484	0.996800346094906
1155.6714634079485	0.9946789244965022
1156.0047994079482	0.9968321121444841
1156.3381354079484	0.9989915374930756
1156.671471407948	0.9946573045718092
1157.0048074079482	0.9937837087627313
1157.3381434079479	0.9968738265766839
1157.671479407948	0.9945398975105915
1158.0048154079477	0.9966876474584312
1158.3381514079479	0.9957823964243745
1158.6714874079476	0.9948098001316436
1159.0048234079477	0.9939438614622365
1159.3381594079474	0.9944453778569426
1159.6714954079475	0.9979870972610969
1160.0048314079472	0.9946543421419365
1160.3381674079474	0.9933636166933197
1160.671503407947	0.9967457554010442
1161.0048394079472	0.995514750086243
1161.338175407947	0.99319906296811
1161.671511407947	0.9962621976141104
1162.0048474079467	0.9950859838796036
1162.3381834079469	0.9956177417815016
1162.6715194079466	0.9923765303779316
1163.0048554079467	0.9978766693111729
1163.3381914079464	0.9922280549233328
1163.6715274079465	0.9951287554276798
1164.0048634079462	0.9983334687579912
1164.3381994079464	0.9991549212247475
1164.671535407946	0.9944256973003952
1165.0048714079462	0.9984673709107758
1165.338207407946	0.9974768634949779
1165.671543407946	0.999686730691962
1166.0048794079457	0.9990757009386073
1166.3382154079459	0.9965861283360201
1166.6715514079456	0.9977587773814703
1167.0048874079457	0.9983394380566087
1167.3382234079454	0.9966305348403744
1167.6715594079456	0.9986198362239314
1168.0048954079452	0.999294659750174
1168.3382314079454	1.001441529026626
1168.671567407945	0.9953905785945643
1169.0049034079452	1.0046327764822083
1169.338239407945	1.0003658709718397
1169.671575407945	0.9982472059131826
1170.0049114079447	1.0004515934717944
1170.338247407945	0.9995238434419074
1170.6715834079446	1.0009106765192368
1171.0049194079447	0.9988371394555783
1171.3382554079444	1.0021289733340195
1171.6715914079446	0.9998986764113185
1172.0049274079443	1.0010777295789954
1172.3382634079444	1.0002839191032182
1172.671599407944	1.000210354807261
1173.0049354079442	1.0002341545445015
1173.338271407944	1.0006017991287515
1173.671607407944	1.0032253308973798
1174.0049434079438	1.0038053139168917
1174.338279407944	0.998283050678276
1174.6716154079436	1.0005721958927407
1175.0049514079437	0.9994453173840238
1175.3382874079434	1.0004049439113891
1175.6716234079436	1.0032410411882517
1176.0049594079433	0.9986621539931695
1176.3382954079434	1.0031829046095966
1176.671631407943	1.0020828419595051
1177.0049674079432	0.9999047304736587
1177.338303407943	1.0007118283937921
1177.671639407943	1.0030501769495443
1178.0049754079428	0.9968719590224745
1178.338311407943	0.9998527439851698
1178.6716474079426	1.002687009457186
1179.0049834079427	1.0038980811068916
1179.3383194079424	1.002007572226446
1179.6716554079426	0.9999143097647054
1180.0049914079423	1.0014183751866401
1180.3383274079424	1.0017795468527468
1180.671663407942	0.9989116004088
1181.0049994079423	1.0004380681509089
1181.338335407942	1.00058680692616
1181.671671407942	1.001528731916081
1182.0050074079418	1.0006588187129795
1182.338343407942	1.0000151958722703
1182.6716794079416	1.0005334985053667
1183.0050154079418	1.0001618200891853
1183.3383514079414	1.0008224226198335
1183.6716874079416	0.99791901765312
1184.0050234079413	1.0048581464517654
1184.3383594079414	1.0004660297311505
1184.6716954079411	0.9995111510958835
1185.0050314079413	1.0004118090341894
1185.338367407941	0.9989039689286038
1185.671703407941	1.0031420437267773
1186.0050394079408	0.9979980604336989
1186.338375407941	1.0004242635204597
1186.6717114079406	0.9988196831616274
1187.0050474079408	0.9993842593756114
1187.3383834079405	0.9984422480840448
1187.6717194079406	1.001254739290202
1188.0050554079403	0.9983728489815957
1188.3383914079404	0.9984112125578002
1188.6717274079401	1.0008832655614623
1189.0050634079403	1.0010025177198658
1189.33839940794	0.9977577376157972
1189.67173540794	0.9994727833969829
1190.0050714079398	1.0026414343904533
1190.33840740794	0.9974067266059937
1190.6717434079396	0.9990567763942275
1191.0050794079398	0.997216560405698
1191.3384154079395	0.9988055668642447
