time	flux
23.833843824002543	0.9925712538370971
24.167179824002545	0.9968002276872117
24.500515824002548	0.9981684971963519
24.83385182400255	0.9964534809220457
25.167187824002553	0.9966339659813
25.500523824002556	0.9970266598556448
25.83385982400256	0.9960578745690907
26.16719582400256	1.0009837912984236
26.500531824002564	1.0001734313323298
26.833867824002567	0.9968220016615223
27.16720382400257	0.9940607609870541
27.500539824002573	0.9990090212625714
27.833875824002575	0.999791337578005
28.167211824002578	0.9944680051743707
28.50054782400258	0.999156706749019
28.833883824002584	0.9963614984116648
29.167219824002586	0.9968109103428927
29.50055582400259	1.0009248251363911
29.833891824002592	0.9956078715388821
30.167227824002595	0.9980937145867568
30.500563824002597	0.9979041770566617
30.8338998240026	0.9974798895378134
31.167235824002603	0.9977076237567915
31.500571824002606	0.9979081929951354
31.83390782400261	0.9981227996252542
32.16724382400261	0.9956717229645087
32.500579824002614	0.9924900991765575
32.83391582400262	0.9959589786098869
33.16725182400262	0.9981341636059728
33.50058782400262	0.9963547698225647
33.833923824002625	0.999368632647744
34.16725982400263	1.003128519714273
34.50059582400263	0.9981681651618575
34.83393182400263	0.9993564884939029
35.167267824002636	1.0012748741388715
35.50060382400264	1.001756510037135
35.83393982400264	1.0016801063298861
36.167275824002644	0.9995239431029157
36.50061182400265	0.999199159041302
36.83394782400265	1.0016651798272507
37.16728382400265	1.0009095735320779
37.500619824002655	1.0014950968430691
37.83395582400266	0.9969002343533393
38.16729182400266	1.001418031080767
38.50062782400266	0.9993593423807826
38.833963824002666	1.002093453171096
39.16729982400267	0.9973032680063081
39.50063582400267	1.0040259412599093
39.833971824002674	0.9990986754702228
40.16730782400268	1.001188771214244
40.50064382400268	1.0026068218262487
40.83397982400268	1.000103995241907
41.167315824002685	1.00105961747175
41.50065182400269	1.0013282939817065
41.83398782400269	1.002333000950931
42.16732382400269	1.001118622588355
42.500659824002696	1.0011656968934675
42.8339958240027	1.0027621864523681
43.1673318240027	1.0011196347412719
43.500667824002704	1.0031222781304199
43.83400382400271	0.9988527864967034
44.16733982400271	1.0019130433218115
44.50067582400271	1.0033343690444325
44.834011824002715	1.002291703039714
45.16734782400272	1.0035908694390785
45.50068382400272	1.0038041514083165
45.83401982400272	1.001942888981984
46.167355824002726	1.0029352321125182
46.50069182400273	1.0021823433459551
46.83402782400273	1.0033628002537236
47.167363824002734	1.0009412759200211
47.50069982400274	0.9998941912713729
47.83403582400274	1.0023602499716737
48.16737182400274	1.0041367121180267
48.500707824002745	0.9986553803025014
48.83404382400275	1.002740377993044
49.16737982400275	1.0058331387249253
49.500715824002754	1.0014436576534045
49.834051824002756	1.0041448231123449
50.16738782400276	1.0016388216581595
50.50072382400276	1.0058292507976583
50.834059824002765	1.0027934520355304
51.16739582400277	1.0025561952888484
51.50073182400277	1.0037550697465083
51.83406782400277	1.0043059686536755
52.167403824002776	1.004526666947461
52.50073982400278	1.0002638219909807
52.83407582400278	1.0047543308479518
53.167411824002784	1.0054151693518465
53.50074782400279	1.0050210202494736
53.83408382400279	1.0028634687229108
54.16741982400279	1.0052842333480128
54.500755824002795	1.0054736758719522
54.8340918240028	1.0061749353813672
55.1674278240028	1.005869784780635
55.5007638240028	1.0061039844987318
55.834099824002806	1.006076988256665
56.16743582400281	1.0076503528360954
56.50077182400281	1.0073087901957618
56.834107824002814	1.0070461504425707
57.16744382400282	1.0086519001950969
57.50077982400282	1.0100710961341064
57.83411582400282	1.0080871740816122
58.167451824002825	1.0093141793342273
58.50078782400283	1.0053654045313165
58.83412382400283	1.008828899525393
59.16745982400283	1.0101803287105604
59.500795824002836	1.0105484081483913
59.83413182400284	1.0107446163356706
60.16746782400284	1.008187323421686
60.500803824002844	1.0127846611602984
60.83413982400285	1.0111360220700243
61.16747582400285	1.0127091064234839
61.50081182400285	1.0113144872464437
61.834147824002855	1.0140598343858997
62.16748382400286	1.0130625844661476
62.50081982400286	1.0141346019116617
62.83415582400286	1.0144069849521569
63.167491824002866	1.016145049987066
63.50082782400287	1.0151434101120798
63.83416382400287	1.0152541606394618
64.16749982400287	1.017115000270035
64.50083582400288	1.0172575939622555
64.83417182400288	1.017060728040417
65.16750782400288	1.01793323933298
65.50084382400289	1.0199156798206852
65.83417982400289	1.0179783732500447
66.16751582400289	1.0190699500446023
66.5008518240029	1.0211254119632016
66.8341878240029	1.0197192635375525
67.1675238240029	1.0233692847309261
67.5008598240029	1.0201473701428776
67.8341958240029	1.0225326236898373
68.16753182400291	1.0210070449122823
68.50086782400291	1.0218028034508146
68.83420382400291	1.0212544204220972
69.16753982400292	1.0223983608327722
69.50087582400292	1.021562741081132
69.83421182400292	1.0243460831105309
70.16754782400292	1.0235038321457937
70.50088382400293	1.0223808497138394
70.83421982400293	1.0229445614935695
71.16755582400293	1.0214112548549563
71.50089182400293	1.02405163097965
71.83422782400294	1.0234250201245558
72.16756382400294	1.0215674480422339
72.50089982400294	1.0233140142975805
72.83423582400295	1.021690531893465
73.16757182400295	1.0217561980863683
73.50090782400295	1.0215851684048853
73.83424382400295	1.0233479400344485
74.16757982400296	1.0199994034584883
74.50091582400296	1.0185748271356803
74.83425182400296	1.0204110523755567
75.16758782400296	1.0185096268081473
75.50092382400297	1.0196478800814073
75.83425982400297	1.0191492911556899
76.16759582400297	1.0175826656588065
76.50093182400298	1.0187611781943706
76.83426782400298	1.0165961909906212
77.16760382400298	1.0165573989871504
77.50093982400298	1.0145480979937715
77.83427582400299	1.016317077692872
78.16761182400299	1.0152933001350097
78.50094782400299	1.0041159324927555
78.834283824003	1.0077919873617345
79.167619824003	1.0156133276848336
79.500955824003	1.0119719573358612
79.834291824003	1.0118876190974138
80.167627824003	1.0138817442256989
80.50096382400301	1.0090337785592687
80.83429982400301	1.00682125081758
81.16763582400301	1.005319986744376
81.50097182400302	1.00421021839324
81.83430782400302	1.0044459939803982
82.16764382400302	1.003849351924943
82.50097982400302	1.0039755489789302
82.83431582400303	1.0012453831660986
83.16765182400303	0.9995289215682353
83.50098782400303	0.9974583990751963
83.83432382400304	0.9968189406269535
84.16765982400304	0.997941776948743
84.50099582400304	0.9973432003522165
84.83433182400304	0.9964631817878774
85.16766782400305	0.9962478159600435
85.50100382400305	0.9929644946161509
85.83433982400305	0.9941584242584535
86.16767582400306	0.9926541652091008
86.50101182400306	0.9932145638124807
86.83434782400306	0.9892248433172909
87.16768382400306	0.9925140746068087
87.50101982400307	0.9926919723411313
87.83435582400307	0.9881594685284195
88.16769182400307	0.9870862480199544
88.50102782400307	0.9889360183242822
88.83436382400308	0.9874321027753453
89.16769982400308	0.9843302504028628
89.50103582400308	0.9853286080423338
89.83437182400309	0.9837533667228434
90.16770782400309	0.985483496349709
90.50104382400309	0.9871689615635538
90.8343798240031	0.9812629682700775
91.1677158240031	0.9871482025460748
91.5010518240031	0.9824674505894809
91.8343878240031	0.9819504983604194
92.1677238240031	0.980905242504076
92.50105982400311	0.9840013035535006
92.83439582400311	0.9806593507432484
93.16773182400311	0.9810825096120765
93.50106782400312	0.9799442049455619
93.83440382400312	0.9827638236250911
94.16773982400312	0.9794313193957219
94.50107582400312	0.9805985128214849
94.83441182400313	0.9798706520074056
95.16774782400313	0.9812423491755772
95.50108382400313	0.9796108680517137
95.83441982400313	0.9809994272914454
96.16775582400314	0.9786543052276855
96.50109182400314	0.9806919432488325
96.83442782400314	0.9814104929081493
97.16776382400315	0.9800216070358361
97.50109982400315	0.9891876684250023
97.83443582400315	0.9772539127300718
98.16777182400315	0.9823704580090719
98.50110782400316	0.9801744952543383
98.83444382400316	0.9820853215767833
99.16777982400316	0.9811781876397819
99.50111582400316	0.9828393478597065
99.83445182400317	0.9813089979457164
100.16778782400317	0.9839600461690836
100.50112382400317	0.9823322935053242
100.83445982400318	0.9838861973181274
101.16779582400318	0.9798424498815035
101.50113182400318	0.9801683544338347
101.83446782400318	0.9826490658030598
102.16780382400319	0.9846430309566484
102.50113982400319	0.9782986301723938
102.83447582400319	0.9834787545648211
103.1678118240032	0.9884889280673944
103.5011478240032	0.9840245217374254
103.8344838240032	0.987507128099958
104.1678198240032	0.9853328336590793
104.5011558240032	0.9870194705254
104.83449182400321	0.9871762675303535
105.16782782400321	0.9882595886464273
105.50116382400321	0.9866299624929217
105.83449982400322	0.9879384340190751
106.16783582400322	0.98872878243761
106.50117182400322	0.9891446377055673
106.83450782400323	0.9901356651859128
107.16784382400323	0.9889102276485325
107.50117982400323	0.9943218393843221
107.83451582400323	0.9928816295992017
108.16785182400324	0.9907380580957416
108.50118782400324	0.989913206500713
108.83452382400324	0.991057277896802
109.16785982400324	0.9891689947254196
109.50119582400325	0.991984910225818
109.83453182400325	0.9905964394873535
110.16786782400325	0.9921443838218135
110.50120382400326	0.9905290946896458
110.83453982400326	0.9911331468562599
111.16787582400326	0.9893032118743943
111.50121182400326	0.9883409729305946
111.83454782400327	0.9929499525041509
112.16788382400327	0.994123810019361
112.50121982400327	0.9883699664440517
112.83455582400327	0.9933103253053528
113.16789182400328	0.9939265469958191
113.50122782400328	0.9915301706964219
113.83456382400328	0.992267454108697
114.16789982400329	0.9923105444332495
114.50123582400329	0.9942104391924496
114.83457182400329	0.992974515378114
115.1679078240033	0.9943301681376981
115.5012438240033	0.9922649847014204
115.8345798240033	0.9939916357846663
116.1679158240033	0.9950330445024497
116.5012518240033	0.9941759909441005
116.83458782400331	0.9941123554567571
117.16792382400331	0.9956695263828045
117.50125982400331	0.9930876722095565
117.83459582400332	0.9948256580021198
118.16793182400332	0.9959940887321416
118.50126782400332	0.9977718718395375
118.83460382400332	0.9958195803576508
119.16793982400333	0.9947536733500995
119.50127582400333	0.9948336217694462
119.83461182400333	0.9968288340009477
120.16794782400333	0.9949734908687147
120.50128382400334	0.9962956655571473
120.83461982400334	0.9951737441706858
121.16795582400334	0.9942629616661831
121.50129182400335	0.9973684849410237
121.83462782400335	0.9958729519979655
122.16796382400335	0.9979481984063795
122.50129982400335	0.9984635360279966
122.83463582400336	0.9962492830478128
123.16797182400336	0.9969075182407625
123.50130782400336	0.9972312829831778
123.83464382400336	0.9928598989629231
124.16797982400337	0.998472888256001
124.50131582400337	0.9979997835561762
124.83465182400337	0.99802572554635
125.16798782400338	0.9970680466905946
125.50132382400338	0.9961709957392892
125.83465982400338	0.9965215690691048
126.16799582400338	0.9991600373019517
126.50133182400339	0.99700274778157
126.83466782400339	1.0009249464240446
127.16800382400339	0.9981983120420643
127.5013398240034	1.004031906884682
127.8346758240034	0.9997405974731333
128.1680118240034	1.0020883585305749
128.5013478240034	0.9994808314471029
128.8346838240034	0.9986095096482731
129.1680198240034	1.005134847034692
129.5013558240034	0.9993222165380975
129.83469182400341	1.001164066588271
130.16802782400342	1.0017167893139323
130.50136382400342	0.9994850331510948
130.83469982400342	1.001022053277722
131.16803582400343	1.003072350164765
131.50137182400343	1.0032994269972475
131.83470782400343	1.000955333125775
132.16804382400343	1.0047100637215682
132.50137982400344	1.0036431357647677
132.83471582400344	1.0007339959760386
133.16805182400344	1.0029689946013374
133.50138782400344	1.003636602605728
133.83472382400345	1.0024815079856442
134.16805982400345	1.0040039028698622
134.50139582400345	1.0022369662416215
134.83473182400346	0.9997390831257563
135.16806782400346	1.0030850283588906
135.50140382400346	1.0032791408593043
135.83473982400346	1.0015648747721586
136.16807582400347	1.0012107835124295
136.50141182400347	1.0011242712177577
136.83474782400347	1.0025061499531294
137.16808382400347	1.0016087159061002
137.50141982400348	1.0036259741285605
137.83475582400348	0.9985077867231752
138.16809182400348	1.0042006323733792
138.50142782400349	0.994009355680632
138.8347638240035	1.0019896095578922
139.1680998240035	1.0066049551093201
139.5014358240035	1.0003819191020438
139.8347718240035	1.002017926389089
140.1681078240035	0.9999649778304694
140.5014438240035	0.9999189305380333
140.8347798240035	1.000725183798815
141.1681158240035	1.000533224727836
141.5014518240035	1.0001096346654674
141.8347878240035	0.9995422883991083
142.16812382400352	1.0003118074657347
142.50145982400352	1.0005600060132123
142.83479582400352	0.9956295673052945
143.16813182400352	1.0010580944347633
143.50146782400353	0.9978284202495273
143.83480382400353	0.9991550426706626
144.16813982400353	1.0021228668870346
144.50147582400353	0.9956507540819873
144.83481182400354	0.9980902522834342
145.16814782400354	1.0009826241842097
145.50148382400354	0.9991575023903034
145.83481982400355	0.998144732478778
146.16815582400355	0.999138550102577
146.50149182400355	1.001302640042803
146.83482782400355	0.9972907666077049
147.16816382400356	0.9975405069628644
147.50149982400356	0.9983968506458336
147.83483582400356	0.9973190635295905
148.16817182400357	0.9973842214242056
148.50150782400357	0.9989994752143797
148.83484382400357	0.9971582988793589
149.16817982400357	0.9983098652951521
149.50151582400358	0.9991904057804669
149.83485182400358	1.0009687866817198
150.16818782400358	0.9989223203119553
150.50152382400358	0.9990539560157171
150.8348598240036	0.9987163959179981
151.1681958240036	1.0001555991704774
151.5015318240036	1.0008802664509944
151.8348678240036	0.9986089787183425
152.1682038240036	1.0036629472584102
152.5015398240036	1.0013273893414099
152.8348758240036	0.9995408663065328
153.1682118240036	1.0014801656718153
153.5015478240036	1.0028313021873163
153.8348838240036	1.0003458818915016
154.16821982400361	1.0034488635948025
154.50155582400362	0.999622174894113
154.83489182400362	1.0031785226844698
155.16822782400362	1.0046067004375812
155.50156382400363	1.0031609242829385
155.83489982400363	1.0078269843160055
156.16823582400363	1.00827435153426
156.50157182400363	1.0048814989395665
156.83490782400364	1.0081595087496285
157.16824382400364	1.005489262990614
157.50157982400364	1.0067996074828909
157.83491582400364	1.0089161368304296
158.16825182400365	1.009557872779747
158.50158782400365	1.0077291530884043
158.83492382400365	1.0100636601959303
159.16825982400366	1.0139458361941651
159.50159582400366	1.0103622935549241
159.83493182400366	1.0105839954834903
160.16826782400366	1.0117688087541261
160.50160382400367	1.0131940604455847
160.83493982400367	1.0118051597088125
161.16827582400367	1.0137323902664488
161.50161182400367	1.0131485363275718
161.83494782400368	1.0136627071491748
162.16828382400368	1.0167478969597827
162.50161982400368	1.0149907921236545
162.83495582400369	1.0146802491888254
163.1682918240037	1.0181390387877243
163.5016278240037	1.0165649621732813
163.8349638240037	1.0144578477776158
164.1682998240037	1.0179103419933686
164.5016358240037	1.0165025109454886
164.8349718240037	1.016112480842413
165.1683078240037	1.0180764283929709
165.5016438240037	1.017009892834183
165.8349798240037	1.0180153250136996
166.1683158240037	1.0182181422779844
166.50165182400372	1.021535038942944
166.83498782400372	1.0154140010643222
167.16832382400372	1.018502766020045
167.50165982400372	1.0178301495559903
167.83499582400373	1.0183447272735526
168.16833182400373	1.0181499100155307
168.50166782400373	1.0180152904824915
168.83500382400373	1.0183184090879955
169.16833982400374	1.0178988053856517
169.50167582400374	1.0165757681616743
169.83501182400374	1.0177899942031416
170.16834782400375	1.0150906992812303
170.50168382400375	1.0187056563399524
170.83501982400375	1.0169329383236874
171.16835582400375	1.0150433623692727
171.50169182400376	1.0154273967829033
171.83502782400376	1.0155519352738105
172.16836382400376	1.0151485343732778
172.50169982400377	1.0148109878617075
172.83503582400377	1.014642103170236
173.16837182400377	1.014702577356414
173.50170782400377	1.0130174453368896
173.83504382400378	1.0122203041630875
174.16837982400378	1.0119947680365566
174.50171582400378	1.0108903383468868
174.83505182400378	1.0096080200002522
175.1683878240038	1.008765052927972
175.5017238240038	1.0081706196666826
175.8350598240038	1.0084235358915685
176.1683958240038	1.0066290634259714
176.5017318240038	1.0085250631755542
176.8350678240038	1.0079972599950864
177.1684038240038	1.0065922863699968
177.5017398240038	1.0072368375262994
177.8350758240038	1.0047740387414
178.1684118240038	1.0087035704266207
178.50174782400381	1.0040912455807076
178.83508382400382	1.0064073899912158
179.16841982400382	1.0052582205991492
179.50175582400382	1.0011298509125892
179.83509182400383	1.0020703898900292
180.16842782400383	0.9992989355922072
180.50176382400383	1.0001127218086607
180.83509982400383	1.0019361306889791
181.16843582400384	0.9991367990499685
181.50177182400384	0.9992948147811304
181.83510782400384	0.9986354724913931
182.16844382400384	0.9973170243754359
182.50177982400385	0.9978324069213285
182.83511582400385	0.9960419244028402
183.16845182400385	0.9965709403802259
183.50178782400386	0.9989181240788706
183.83512382400386	0.9952761049623178
184.16845982400386	0.9987385284556966
184.50179582400386	0.999729831751754
184.83513182400387	0.9968097301100184
185.16846782400387	0.9962280115038434
185.50180382400387	0.9938402960275335
185.83513982400387	0.9982442864863736
186.16847582400388	0.9906536678719503
186.50181182400388	1.0014753051186942
186.83514782400388	0.9945872170868494
187.16848382400389	0.9967179911944603
187.5018198240039	0.9970702831291007
187.8351558240039	0.9980040289525676
188.1684918240039	0.9942098499816958
188.5018278240039	0.9921360037064973
188.8351638240039	0.9990003660315078
189.1684998240039	0.9950277607442081
189.5018358240039	0.9950701152513257
189.8351718240039	0.9968222665384369
190.1685078240039	0.9927717648979782
190.5018438240039	0.9944517507481538
190.83517982400392	0.9995619067240327
191.16851582400392	0.9929515088078417
191.50185182400392	1.0069536786807394
191.83518782400392	0.9976865919492603
192.16852382400393	0.9983774647982879
192.50185982400393	1.0011388965843784
192.83519582400393	0.9970331577950524
193.16853182400394	0.9988665640960548
193.50186782400394	0.9997405915085082
193.83520382400394	0.9970424519726904
194.16853982400394	0.9977497789588433
194.50187582400395	1.0005857622307672
194.83521182400395	1.0018268983553495
195.16854782400395	0.998474409107551
195.50188382400395	1.0002573719043901
195.83521982400396	0.9977508397157265
196.16855582400396	1.0092023757202158
196.50189182400396	0.998898026826942
196.83522782400397	0.9972801593646085
197.16856382400397	0.9996421707889857
197.50189982400397	1.001381940090818
197.83523582400397	1.0044216200522011
198.16857182400398	1.0005506037335192
198.50190782400398	1.0024403696656325
198.83524382400398	0.9988386190147177
199.16857982400398	1.0011408148785863
199.501915824004	1.002006864732155
199.835251824004	1.0020788716080034
200.168587824004	1.000879354458539
200.501923824004	1.0005246788307984
200.835259824004	1.0014577911793554
201.168595824004	1.0028903026133422
201.501931824004	0.9982780344012853
201.835267824004	1.002259953932418
202.168603824004	1.0000291742703633
202.501939824004	1.0008199549170627
202.83527582400401	1.0020587751574317
203.16861182400402	1.0003693372547073
203.50194782400402	0.9974085302263993
203.83528382400402	1.001119836095084
204.16861982400403	0.9978323703317794
204.50195582400403	1.0007312577124858
204.83529182400403	0.9965330411828484
205.16862782400403	1.0015547237695934
205.50196382400404	0.9961931138042163
205.83529982400404	1.0006091355446745
206.16863582400404	0.9970803631369499
206.50197182400404	0.9946625297593018
206.83530782400405	0.9957527644347853
207.16864382400405	0.9968472181972331
207.50197982400405	0.9967503724853849
207.83531582400406	0.9973340981150061
208.16865182400406	0.9956610331907195
208.50198782400406	0.9954806878659876
208.83532382400406	0.9967181063868672
209.16865982400407	0.9933870308041481
209.50199582400407	0.9926890323194182
209.83533182400407	0.9930093503502703
210.16866782400407	0.9914732132699344
210.50200382400408	0.9940397028661713
210.83533982400408	0.9917336565785437
211.16867582400408	0.9904420356702376
211.5020118240041	0.991073272085137
211.8353478240041	0.9909549654043308
212.1686838240041	0.9895824606201985
212.5020198240041	0.9880142516769562
212.8353558240041	0.9896972927586092
213.1686918240041	0.9887141359541339
213.5020278240041	0.9864685637029738
213.8353638240041	0.9869598178893232
214.1686998240041	0.9885808495139036
214.5020358240041	0.9880800709155051
214.8353718240041	0.9861390654183019
215.16870782400412	0.9882950623997739
215.50204382400412	0.9872473140832561
215.83537982400412	0.9880283864539188
216.16871582400412	0.9874426887628442
216.50205182400413	0.9846837502359392
216.83538782400413	0.9855544418590866
217.16872382400413	0.9881128540293309
217.50205982400414	0.9848149888485382
217.83539582400414	0.9884699572777184
218.16873182400414	0.9837150245285233
218.50206782400414	0.987629297646502
218.83540382400415	0.9857026573848361
219.16873982400415	0.9859510112273672
219.50207582400415	0.9854773283351762
219.83541182400415	0.9900174872512413
220.16874782400416	0.9875014200409205
220.50208382400416	0.9881576136655079
220.83541982400416	0.9903042362949172
221.16875582400417	0.986898227226093
221.50209182400417	0.9913499465856095
221.83542782400417	0.9896780431403606
222.16876382400417	0.9892084946012859
222.50209982400418	0.9882210318594599
222.83543582400418	0.9906397098900438
223.16877182400418	0.9902043391473913
223.50210782400418	0.9916184267862108
223.8354438240042	0.9904339045780103
224.1687798240042	0.9900752522180343
224.5021158240042	0.991438302071687
224.8354518240042	0.9895686342287442
225.1687878240042	0.9940012904988683
225.5021238240042	0.9945168336582223
225.8354598240042	0.9910253523138639
226.1687958240042	0.9914230914754795
226.5021318240042	0.9920170243276314
226.8354678240042	0.9930757610735637
227.16880382400421	0.9944527152623003
227.50213982400422	0.9922534473020576
227.83547582400422	0.9941604575034233
228.16881182400422	0.9906189509461193
228.50214782400423	0.9972216163017706
228.83548382400423	0.996032516812734
229.16881982400423	0.9942832037487965
229.50215582400423	0.996596706503944
229.83549182400424	0.9970991923553009
230.16882782400424	0.9943259220624273
230.50216382400424	0.998486087211392
230.83549982400424	0.9987869086968355
231.16883582400425	0.9973237493716229
231.50217182400425	0.9974494568189711
231.83550782400425	0.9982980412119744
232.16884382400426	0.9976245348524377
232.50217982400426	0.9961237662689537
232.83551582400426	0.9945030939158483
233.16885182400426	0.9988664185713977
233.50218782400427	0.9997729133185486
233.83552382400427	0.9990509615148204
234.16885982400427	0.9987154454485153
234.50219582400427	0.9997220940195595
234.83553182400428	0.9990510775479781
235.16886782400428	1.0007475090974163
235.50220382400428	0.996845693312527
235.8355398240043	0.9982373504382739
236.1688758240043	0.9990046681776463
236.5022118240043	0.9995011558298709
236.8355478240043	0.9983377057987217
237.1688838240043	0.9964061857647443
237.5022198240043	1.0016666010411102
237.8355558240043	0.9968238589452605
238.1688918240043	0.9993375886695295
238.5022278240043	0.9988223921608906
238.8355638240043	1.0001779787220677
239.1688998240043	1.002360425017175
239.50223582400432	0.9988236082858892
239.83557182400432	0.9989255778585362
240.16890782400432	0.9983019475972585
240.50224382400432	0.998958413351532
240.83557982400433	1.0000626453304122
241.16891582400433	0.997180133063007
241.50225182400433	0.9995979981508639
241.83558782400434	0.9980384048295746
242.16892382400434	0.9989015468540311
242.50225982400434	0.9951548255624327
242.83559582400434	0.9918411617100299
316.6714173839973	1.0074885337405906
317.00475338399735	0.9919601115098767
317.3380893839974	0.9954612513202421
317.6714253839974	0.9954184148813362
318.00476138399745	0.9968477130264485
318.3380973839975	0.9927400241764174
318.6714333839975	0.995531148865595
319.00476938399754	0.9897574951682225
319.3381053839976	0.9905864372767088
319.6714413839976	0.993355430623994
320.00477738399763	0.9948867961203289
320.33811338399767	0.9880676370170347
320.6714493839977	0.9929533344590585
321.0047853839977	0.9947885358092556
321.33812138399776	0.9920040514477921
321.6714573839978	0.9943394878291442
322.0047933839978	0.9898179064213413
322.33812938399785	0.994839560940265
322.6714653839979	0.9891525252743891
323.0048013839979	0.9939502948018416
323.33813738399795	0.9914925708750084
323.671473383998	0.9890501564233347
324.004809383998	0.9901742081996137
324.33814538399804	0.9930464299998373
324.67148138399807	0.992246800018761
325.0048173839981	0.989701103679785
325.33815338399813	0.9929750577394653
325.67148938399816	0.9925721283829619
326.0048253839982	0.990503615615184
326.3381613839982	0.9907638436425918
326.67149738399826	0.9907164037950758
327.0048333839983	0.9918621984885301
327.3381693839983	0.9895511771764137
327.67150538399835	0.9917832503223042
328.0048413839984	0.9928366769185343
328.3381773839984	0.9960237941026694
328.67151338399844	0.9939994819244571
329.0048493839985	0.9947305806930226
329.3381853839985	0.9919095685454907
329.67152138399854	0.9950751082144286
330.00485738399857	0.9936990585990959
330.3381933839986	0.9961663214031248
330.67152938399863	0.9936097198372635
331.00486538399866	0.9933393648488338
331.3382013839987	0.9928398177638372
331.6715373839987	0.9965257615700115
332.00487338399876	0.9950612075890315
332.3382093839988	0.9937675007762602
332.6715453839988	0.9932181359122578
333.00488138399885	0.996069969541437
333.3382173839989	0.9959178875267655
333.6715533839989	0.9973755292264698
334.00488938399894	0.9967015624043102
334.338225383999	0.9993659441205512
334.671561383999	0.9957609300870661
335.00489738399904	0.9980433012755578
335.33823338399907	0.9992107089518331
335.6715693839991	1.0014114337749398
336.00490538399913	0.9983604835311064
336.33824138399916	1.0004349644924466
336.6715773839992	1.0002146358287256
337.0049133839992	1.0007145447334616
337.33824938399925	1.0028861374555749
337.6715853839993	1.0021699811148577
338.0049213839993	1.002734830589936
338.33825738399935	1.0072220535137153
338.6715933839994	1.000677148519473
339.0049293839994	1.0041575522307558
339.33826538399944	1.0034363247017708
339.6716013839995	1.0042463734696956
340.0049373839995	1.0016511836726614
340.33827338399954	1.0058942109937765
340.67160938399957	1.006619551594863
341.0049453839996	1.0074722327822865
341.33828138399963	1.0057752999438425
341.67161738399966	1.0093723265357482
342.0049533839997	1.007345995835161
342.3382893839997	1.0077756870726036
342.67162538399975	1.0079047755376354
343.0049613839998	1.010474058717879
343.3382973839998	1.008768064548515
343.67163338399985	1.0093162012227042
344.0049693839999	1.0104101637392586
344.3383053839999	1.0115310895073677
344.67164138399994	1.0099758554622797
345.004977384	1.0105320324554272
345.338313384	1.013092148019492
345.67164938400003	1.010183949081795
346.00498538400007	1.0108907225991137
346.3383213840001	1.0151491110451767
346.6716573840001	1.012007750545625
347.00499338400016	1.0153670596052018
347.3383293840002	1.0136666640969882
347.6716653840002	1.0122609193879635
348.00500138400025	1.0148958658408325
348.3383373840003	1.0127176214185287
348.6716733840003	1.0141564045146745
349.00500938400035	1.0137227877481312
349.3383453840004	1.0127297408847342
349.6716813840004	1.0089250391835909
350.00501738400044	1.015931361943045
350.33835338400047	1.0120873122641314
350.6716893840005	1.0160790940220337
351.00502538400053	1.0123323699248061
351.33836138400056	1.0141366241082177
351.6716973840006	1.0144761445498138
352.0050333840006	1.0124801625789275
352.33836938400066	1.011982783035232
352.6717053840007	1.0119966957750888
353.0050413840007	1.010768727034594
353.33837738400075	1.0109261713939404
353.6717133840008	1.0105070306202781
354.0050493840008	1.0115157658732994
354.33838538400084	1.0118919046141401
354.6717213840009	1.011507141103542
355.0050573840009	1.0096626571217684
355.33839338400094	1.0096798650766328
355.67172938400097	1.0090978614577364
356.005065384001	1.0089822322412496
356.33840138400103	1.0090870998683166
356.67173738400106	1.0070134068976613
357.0050733840011	1.0085480875978057
357.3384093840011	1.0102089732667348
357.67174538400116	1.0067613812404939
358.0050813840012	1.0061229196238346
358.3384173840012	1.0073940101733434
358.67175338400125	1.006228733374107
359.0050893840013	1.0043165916147763
359.3384253840013	1.007280515309114
359.67176138400134	1.0077761991503544
360.0050973840014	1.005469657036824
360.3384333840014	1.0043105820721232
360.67176938400144	1.006779100283978
361.00510538400147	1.0038537563897094
361.3384413840015	1.0031111422357424
361.67177738400153	1.0055415606150557
362.00511338400156	1.0013470943733385
362.3384493840016	1.0041296386715393
362.6717853840016	1.003088732303777
363.00512138400165	1.0004515473006617
363.3384573840017	1.0000038813606127
363.6717933840017	1.000617649010991
364.00512938400175	1.003315764309566
364.3384653840018	1.000972919601645
364.6718013840018	1.000854931093871
365.00513738400184	1.0014453593383006
365.3384733840019	1.0014999411096275
365.6718093840019	1.0008212456838974
366.00514538400193	1.0031595846199297
366.33848138400197	0.9965631720905419
366.671817384002	1.00197523953077
367.005153384002	1.0021086904763998
367.33848938400206	0.9999690830361255
367.6718253840021	1.0024752591843538
368.0051613840021	1.0012743078115263
368.33849738400215	1.0027907003436185
368.6718333840022	1.000633469209834
369.0051693840022	1.0028312053764632
369.33850538400225	1.0013271710084413
369.6718413840023	1.0029632948910978
370.0051773840023	0.9990460585809822
370.33851338400234	1.001128212492786
370.67184938400237	1.002992304964678
371.0051853840024	1.0020226414974474
371.33852138400243	1.0024025683179023
371.67185738400246	1.0030546245894436
372.0051933840025	1.0049438872717569
372.3385293840025	1.0020272390641525
372.67186538400256	1.0026310266621492
373.0052013840026	1.007231547474743
373.3385373840026	1.0044510105730464
373.67187338400265	1.0044913112129565
374.0052093840027	1.0043434338489163
374.3385453840027	1.0046913401618192
374.67188138400275	1.0039969423364032
375.0052173840028	1.0049070045414266
375.3385533840028	1.0059476722050742
375.67188938400284	1.0035833190456407
376.00522538400287	1.0060929789526838
376.3385613840029	1.0044058354068262
376.67189738400293	1.0098366448014515
377.00523338400296	1.0068055028192422
377.338569384003	1.0057899426671133
377.671905384003	1.0035326940341056
378.00524138400306	1.0003873257677338
378.3385773840031	1.0076348877588925
378.6719133840031	1.0067779674754003
379.00524938400315	1.0054929697311348
379.3385853840032	1.0044458216452674
379.6719213840032	1.0035218951590417
380.00525738400324	1.0040621494529802
380.3385933840033	1.006323766874148
380.6719293840033	1.0080341255559178
381.00526538400334	1.0047934131056497
381.33860138400337	1.0076211704990554
381.6719373840034	1.0045579556204514
382.00527338400343	1.0014028416329628
382.33860938400346	1.002358022958762
382.6719453840035	1.0016087378391707
383.0052813840035	1.0010090605546382
383.33861738400356	1.0007455428135767
383.6719533840036	1.0002289418940422
384.0052893840036	0.99881248015658
384.33862538400365	0.9985307247819205
384.6719613840037	1.0007087552365261
385.0052973840037	0.9972060888954543
385.33863338400374	0.9999023857884881
385.6719693840038	0.9940782233798627
386.0053053840038	0.9947625208280029
386.33864138400384	0.9957578156859234
386.67197738400387	0.9950831516507024
387.0053133840039	0.9943753734127443
387.33864938400393	0.9924779479410751
387.67198538400396	0.9944795430637744
388.005321384004	0.9925116469921622
388.338657384004	0.9914696745649179
388.67199338400405	0.9904472562462195
389.0053293840041	0.9910232457565796
389.3386653840041	0.9880162282871832
389.67200138400415	0.9895961773192857
390.0053373840042	0.9865523718239261
390.3386733840042	0.9886149218836809
390.67200938400424	0.9866731868318396
391.0053453840043	0.9855062216174875
391.3386813840043	0.9842868496953328
391.67201738400433	0.9811890912333072
392.00535338400437	0.9847176173802814
392.3386893840044	0.9839131816499396
392.6720253840044	0.9892043687033649
393.00536138400446	0.9799742383763881
393.3386973840045	0.9830733038337023
393.6720333840045	0.9801682521055188
394.00536938400455	0.9808727836932943
394.3387053840046	0.978779028954923
394.6720413840046	0.9812317367416532
395.00537738400465	0.9785414830870152
395.3387133840047	0.9788816981093656
395.6720493840047	0.978836457685223
396.00538538400474	0.9791059510975803
396.33872138400477	0.9792250139858951
396.6720573840048	0.9790620585620009
397.00539338400483	0.9800161066104762
397.33872938400486	0.9771690312158764
397.6720653840049	0.9800684334249106
398.0054013840049	0.982633350794854
398.33873738400496	0.9796322486309456
398.672073384005	0.9798405807093058
399.005409384005	0.9785502043420604
399.33874538400505	0.9784142481948788
399.6720813840051	0.9781638255762584
400.0054173840051	0.980778604595469
400.33875338400514	0.9807825376862888
400.6720893840052	0.9783500830174416
401.0054253840052	0.9789073581480999
401.33876138400524	0.9813636386776844
401.67209738400527	0.9788650611058147
402.0054333840053	0.9774754723981516
402.33876938400533	0.9838882044025847
402.67210538400536	0.9813211871600654
403.0054413840054	0.9848598621743688
403.3387773840054	0.9832842599447772
403.67211338400546	0.984308587542582
404.0054493840055	0.9822615193576861
404.3387853840055	0.9842311145533789
404.67212138400555	0.9847637764241822
405.0054573840056	0.9872747930588752
405.3387933840056	0.9873100238014543
405.67212938400564	0.9879762825435899
406.0054653840057	0.9889903314591408
406.3388013840057	0.9874663615861352
406.67213738400574	0.990015461180398
407.00547338400577	0.9911705121836375
407.3388093840058	0.9920852376019916
407.67214538400583	0.9944590204093234
408.00548138400586	0.9934790947425979
408.3388173840059	0.9919659802259203
408.6721533840059	0.9959606588598534
409.00548938400595	0.9952056101111697
409.338825384006	0.997721943603436
409.672161384006	0.9948641627519664
410.00549738400605	0.9973853097176066
410.3388333840061	0.9984290340956784
410.6721693840061	0.999303976722932
411.00550538400614	0.9994415797201285
411.3388413840062	1.0006668000999153
411.6721773840062	1.0003774406208186
412.00551338400624	1.0021565648575346
412.33884938400627	0.9991805547055328
412.6721853840063	1.0008432599602777
413.00552138400633	1.0056572582722365
413.33885738400636	1.0033514333775162
413.6721933840064	1.0044401604922466
414.0055293840064	1.0050148172957887
414.33886538400645	1.0034476127154834
414.6722013840065	1.0047656854585263
415.0055373840065	1.0058320496155626
415.33887338400655	1.0057645332671292
415.6722093840066	1.0070616816241964
416.0055453840066	1.005659082933654
416.33888138400664	1.0063415308900097
416.6722173840067	1.0076572209375132
417.0055533840067	1.0063701016206954
417.33888938400673	1.0049103975768823
417.67222538400677	1.0084740893585764
418.0055613840068	1.006756922188129
418.3388973840068	1.0092349927610549
418.67223338400686	1.006857808430341
419.0055693840069	1.007870839797059
419.3389053840069	1.010854736518178
419.67224138400695	1.0070734205968805
420.005577384007	1.009928490160877
420.338913384007	1.0074496651963132
420.67224938400705	1.0081896246002418
421.0055853840071	1.008031090420618
421.3389213840071	1.0115981510637497
421.67225738400714	1.0077338606027226
422.00559338400717	1.0130931661230203
422.3389293840072	1.0101829662181347
422.67226538400723	1.0087291647438796
423.00560138400726	1.0091798067655053
423.3389373840073	1.0100939162069462
423.6722733840073	1.0073077337074057
424.00560938400736	1.008322579434189
424.3389453840074	1.0140355937330565
424.6722813840074	1.0062940210317526
425.00561738400745	1.0088103719658816
425.3389533840075	1.0091393714060743
425.6722893840075	1.0098014239109787
426.00562538400754	1.0082687160243788
426.3389613840076	1.0096756226356347
426.6722973840076	1.0081236830429423
427.00563338400764	1.0115476057383626
427.33896938400767	1.0099721926558631
427.6723053840077	1.0099698554050474
428.00564138400773	1.0098915908509014
428.33897738400776	1.0105842503924154
428.6723133840078	1.0082158134144992
429.0056493840078	1.0083158681105568
429.33898538400786	1.0072196851462307
429.6723213840079	1.0097209400948368
430.0056573840079	1.010133566380281
430.33899338400795	1.008713301478929
430.672329384008	1.0101858935381591
431.005665384008	1.0119623759817875
431.33900138400804	1.0112425290837515
431.6723373840081	1.0046322488248627
432.0056733840081	1.0135956350509376
432.33900938400814	1.0107011566445865
432.67234538400817	1.0115267987813747
433.0056813840082	1.012592438129837
433.33901738400823	1.010784089013295
433.67235338400826	1.0124468268412008
434.0056893840083	1.013824997238799
434.3390253840083	1.0124365179907882
434.67236138400835	1.0109693993713005
435.0056973840084	1.013625649173916
435.3390333840084	1.013297552326363
435.67236938400845	1.0143134374866092
436.0057053840085	1.0144012963339537
436.3390413840085	1.014362942034952
436.67237738400854	1.0141420122798188
437.0057133840086	1.0113864886703425
437.3390493840086	1.0145854920889654
437.67238538400863	1.0148012292189144
438.00572138400867	1.0168353877339782
438.3390573840087	1.0195306768675958
438.6723933840087	1.0117061549933142
439.00572938400876	1.0186038450317785
439.3390653840088	1.0126663732229761
439.6724013840088	1.0171782729785248
440.00573738400885	1.016867085971788
440.3390733840089	1.0173702845333361
440.6724093840089	1.01779705238543
441.00574538400895	1.0161509356086005
441.339081384009	1.0173961299997047
441.672417384009	1.0161199906577998
442.00575338400904	1.01178570326383
442.33908938400907	1.018780919722172
442.6724253840091	1.017036151344252
443.00576138400913	1.0173626369052442
443.33909738400916	1.0134087072051514
443.6724333840092	1.0155579865586382
444.0057693840092	1.0162620942479939
444.33910538400926	1.0164964518102912
444.6724413840093	1.0149028629480297
445.0057773840093	1.0166736724763854
445.33911338400935	1.0148507023131554
445.6724493840094	1.0164302902678533
446.0057853840094	1.0134090333433676
446.33912138400945	1.0113536048529426
446.6724573840095	1.0153297172118205
447.0057933840095	1.013546274732012
447.33912938400954	1.0127796324193783
447.67246538400957	1.0128521465088198
448.0058013840096	1.0108408154772006
448.33913738400963	1.0108767295234755
448.67247338400966	1.0104149036077352
449.0058093840097	1.006413551839764
449.3391453840097	1.0096993354317056
449.67248138400976	1.0073923088775545
450.0058173840098	1.0095479541831045
450.3391533840098	1.0114364466993946
450.67248938400985	1.005380731135889
451.0058253840099	1.0068142759163166
451.3391613840099	1.0051316250275035
451.67249738400994	1.0035423409496111
452.00583338401	1.0055909774855691
452.33916938401	1.0047237500624047
452.67250538401004	0.9998291471894655
453.00584138401007	1.0021944916908032
453.3391773840101	0.9995016438435776
453.67251338401013	1.0012542657545158
454.00584938401016	0.9976668154233711
454.3391853840102	0.9953810371568329
454.6725213840102	0.9983442221648373
455.00585738401026	0.9949404915789389
455.3391933840103	0.9978206918343084
455.6725293840103	0.9950010744003787
456.00586538401035	0.9961197155536025
456.3392013840104	0.9936978923652173
456.6725373840104	0.995380031497856
457.00587338401044	0.9914411618991138
457.3392093840105	0.9925005889898108
457.6725453840105	0.9869114868388293
458.00588138401054	0.9893163013539479
458.33921738401057	0.9895543225847844
458.6725533840106	0.9893192759269578
459.00588938401063	0.9904537899299015
459.33922538401066	0.9874323876625508
459.6725613840107	0.9829456707677561
460.0058973840107	0.9843101935041918
460.33923338401075	0.9894470535858373
460.6725693840108	0.9824745278452061
461.0059053840108	0.9851249033051364
461.33924138401085	0.9837439517082397
461.6725773840109	0.9846385538497971
462.0059133840109	0.9816435733028306
462.33924938401094	0.9855512578254182
462.672585384011	0.985795251396247
463.005921384011	0.9823262615545463
463.33925738401103	0.9806007012398114
463.67259338401107	0.9841626878231396
464.0059293840111	0.9808207823777529
464.3392653840111	0.977064754808932
464.67260138401116	0.9802638600665987
465.0059373840112	0.9816289854191375
465.3392733840112	0.9806796905295091
465.67260938401125	0.9792051987676678
466.0059453840113	0.9807539789797995
466.3392813840113	0.9818961581606225
466.67261738401135	0.9795840773779091
467.0059533840114	0.9780549622940692
467.3392893840114	0.9792372513617451
467.67262538401144	0.9769084067353535
468.00596138401147	0.9798011191957529
468.3392973840115	0.9831997812679315
468.67263338401153	0.9852779725752417
469.00596938401156	0.9805585757115235
469.3393053840116	0.9816739278587683
469.6726413840116	0.9791187755466166
470.00597738401166	0.9813504219195239
470.3393133840117	0.9809539022240905
470.6726493840117	0.9809567063789306
471.00598538401175	0.9805729185039496
471.3393213840118	0.9823338832872301
471.6726573840118	0.9823073999413281
472.00599338401184	0.9798809183510868
472.3393293840119	0.9825550456151438
472.6726653840119	0.9849780381209721
473.00600138401194	0.9821709409594646
473.33933738401197	0.9845035096824178
473.672673384012	0.9822779752906283
474.00600938401203	0.9849284145037818
474.33934538401206	0.9837607165691811
474.6726813840121	0.9826145590846685
475.0060173840121	0.9864602647266136
475.33935338401216	0.9842469930476945
475.6726893840122	0.9854707053775461
476.0060253840122	0.9869185173850986
476.33936138401225	0.9862532539392765
476.6726973840123	0.9840664946396197
477.0060333840123	0.984930980129794
477.33936938401234	0.986772511805218
477.6727053840124	0.9894749679976216
478.0060413840124	0.986959623388835
478.33937738401244	0.9874831322480055
478.67271338401247	0.9889209691987715
479.0060493840125	0.9869254658655229
479.33938538401253	0.9899346252217888
479.67272138401256	0.9890473381807336
480.0060573840126	0.9881616340650093
480.3393933840126	0.9878164808371056
480.67272938401265	0.9909494697627422
481.0060653840127	0.9919505548487543
481.3394013840127	0.9889882096254728
481.67273738401275	0.9901750500102349
482.0060733840128	0.9872946207120474
482.3394093840128	0.9915047777095417
482.67274538401284	0.9906841424825794
483.0060813840129	0.9925231036611601
483.3394173840129	0.9918699987226195
483.67275338401294	0.9948565851150543
484.00608938401297	0.9921391433987004
484.339425384013	0.9932492217106987
484.67276138401303	0.9942836836424318
485.00609738401306	0.9950481925489266
485.3394333840131	0.9951952071375807
485.6727693840131	0.9949357280480123
486.00610538401315	0.9969714989492805
486.3394413840132	0.9968537867696072
486.6727773840132	0.998709931479214
487.00611338401325	0.9954125512761138
487.3394493840133	0.9968374488387345
487.6727853840133	0.9992438416274166
488.00612138401334	0.9957078825309191
488.3394573840134	0.9973917147021686
488.6727933840134	1.0013286425799057
489.00612938401343	0.9998155781755357
489.33946538401347	0.9992934721954364
489.6728013840135	1.0003240769565895
490.0061373840135	1.0008100219735339
490.33947338401356	1.002749273317199
490.6728093840136	1.003694253574395
491.0061453840136	1.0032076988755496
491.33948138401365	1.0017012135238097
491.6728173840137	1.0024512285353382
492.0061533840137	1.0050518754181383
492.33948938401375	1.0068005651719298
492.6728253840138	1.0041150944532493
493.0061613840138	1.0057394942320357
493.33949738401384	1.00568901027134
493.67283338401387	1.0072884851805182
494.0061693840139	1.0068737822403875
494.33950538401393	1.007523388398433
494.67284138401396	1.0077362078518213
495.006177384014	1.0094713268719575
495.339513384014	1.0080448747703008
495.67284938401406	1.0089055242024003
496.0061853840141	1.0095192626013114
496.3395213840141	1.010475719137385
496.67285738401415	1.010055331528931
497.0061933840142	1.009008097481223
497.3395293840142	1.0101883555115336
497.67286538401424	1.01432865969876
498.0062013840143	1.0089538733122325
498.3395373840143	1.0099440077188118
498.67287338401434	1.0149347944359477
499.00620938401437	1.0113524785631296
499.3395453840144	1.0119142673085204
499.67288138401443	1.0145712802643003
500.00621738401446	1.0145403914995346
500.3395533840145	1.0177630225544672
500.6728893840145	1.0158115558275957
501.00622538401456	1.0158915783401663
501.3395613840146	1.0154346354139787
501.6728973840146	1.0158629115238393
502.00623338401465	1.017499308979769
502.3395693840147	1.0169245640629763
502.6729053840147	1.0165451824746543
503.00624138401474	1.0173537985531298
503.3395773840148	1.0162913078890128
503.6729133840148	1.0175741632619661
504.00624938401484	1.0185697301637644
504.33958538401487	1.0171181553515385
504.6729213840149	1.0179359517311888
505.00625738401493	1.0157052468415213
505.33959338401496	1.0178735054408372
505.672929384015	1.0174523070497612
506.006265384015	1.0200030110537666
506.33960138401505	1.0174176129742358
506.6729373840151	1.016560356177269
507.0062733840151	1.0186316328674425
507.33960938401515	1.0177365398747016
507.6729453840152	1.016416007903288
508.0062813840152	1.0178321890042374
508.33961738401524	1.017131341680112
508.6729533840153	1.0164276455730115
509.0062893840153	1.0159529770113458
509.33962538401533	1.014923337802954
509.67296138401537	1.0185309939940017
510.0062973840154	1.014357767882605
510.3396333840154	1.0133277592966985
510.67296938401546	1.0149061165423205
511.0063053840155	1.0147383879464837
511.3396413840155	1.0125617503943534
511.67297738401555	1.0135527843602414
512.0063133840156	1.0132335148844054
512.3396493840156	1.0128189462065937
512.6729853840156	1.012343074009042
513.0063213840157	1.011881922613492
513.3396573840157	1.0109946220213304
513.6729933840157	1.0111174398795986
514.0063293840158	1.0094476681790054
514.3396653840158	1.01007608899219
514.6730013840158	1.0113678628961869
515.0063373840159	1.0082660662471992
515.3396733840159	1.007758351820821
515.6730093840159	1.008157870691075
516.006345384016	1.0071195380717641
516.339681384016	1.0075215188609103
516.673017384016	1.0042533800295015
517.006353384016	1.0051819751553024
517.3396893840161	1.0023571942826586
517.6730253840161	1.0066333086256785
518.0063613840161	1.002062473226367
518.3396973840162	1.0045150682883048
518.6730333840162	1.003863861006491
519.0063693840162	1.0029699577295335
519.3397053840163	1.0020057999111949
519.6730413840163	1.003052991944411
520.0063773840163	0.9999395078649873
520.3397133840164	1.0012147858890468
520.6730493840164	1.0006689849504136
521.0063853840164	1.0000854948503224
521.3397213840165	1.0009104312195212
521.6730573840165	0.9997260841407909
522.0063933840165	0.999939194605894
522.3397293840166	0.9990419610930802
522.6730653840166	0.9980472167279834
523.0064013840166	0.997668652702304
523.3397373840166	0.9982717831931973
523.6730733840167	0.9973595454891689
524.0064093840167	0.9983070639310395
524.3397453840167	0.9991485922108019
524.6730813840168	0.9937203569649797
525.0064173840168	0.9995303701716394
525.3397533840168	0.9946237967699082
525.6730893840169	0.9976546797109903
526.0064253840169	0.9973426511253062
526.3397613840169	0.9960223191647598
526.673097384017	0.995538870787566
527.006433384017	0.9947279337505905
527.339769384017	0.9957591144145225
527.673105384017	0.9937024124806311
528.0064413840171	0.9969650557185749
528.3397773840171	0.9940649519219078
528.6731133840171	0.9952607057991878
529.0064493840172	0.994854795229035
529.3397853840172	0.9946021565992829
529.6731213840172	0.9946979917362809
530.0064573840173	0.9966091916084076
530.3397933840173	0.9959359193202395
530.6731293840173	0.9975906997684628
531.0064653840174	0.9953242768090896
531.3398013840174	0.9944839667103547
531.6731373840174	0.9942431751545917
532.0064733840175	0.9934607027086337
532.3398093840175	0.9946661128246091
532.6731453840175	0.9930806062467853
533.0064813840175	0.9950251081098889
533.3398173840176	0.9946225618812478
533.6731533840176	0.9939630556538209
534.0064893840176	0.9935844375766127
534.3398253840177	0.9955004801791316
534.6731613840177	0.992692587696
535.0064973840177	0.9934887286041083
535.3398333840178	0.9960300716334408
535.6731693840178	0.9946723960067624
536.0065053840178	0.9941753377478793
536.3398413840179	0.995584629645767
536.6731773840179	0.9957228781210407
537.0065133840179	0.9938920854461664
537.339849384018	0.994653211176909
537.673185384018	0.9949096260180795
538.006521384018	0.9953016863873183
538.339857384018	0.9946777394807247
538.6731933840181	0.9924352154527304
539.0065293840181	0.9936081741896503
539.3398653840181	0.9959015539022456
539.6732013840182	0.9950925311298962
540.0065373840182	0.994659814681145
540.3398733840182	0.9950381314626207
540.6732093840183	0.9959138916562026
541.0065453840183	0.9965769730801368
541.3398813840183	0.9955342740700474
541.6732173840184	0.9955822498046374
542.0065533840184	0.9955823823088186
542.3398893840184	0.9960046420071775
542.6732253840185	0.9962306894078128
543.0065613840185	0.9959666501947124
543.3398973840185	0.9956796433977965
543.6732333840185	0.9966009636432717
544.0065693840186	0.9941011997366542
544.3399053840186	0.9963767037079632
544.6732413840186	0.994287422129647
545.0065773840187	0.9950314666500848
545.3399133840187	0.996367016713193
545.6732493840187	0.9960655344246083
546.0065853840188	0.9955877002561486
546.3399213840188	0.9962425045493374
546.6732573840188	0.9968819848989049
547.0065933840189	0.9960392576500213
547.3399293840189	0.9953935536417716
547.6732653840189	0.996690723178184
548.006601384019	0.9945149215843777
548.339937384019	0.9966760210202757
548.673273384019	0.9975359439223239
549.006609384019	0.9961220111145027
549.3399453840191	0.9981818800454417
549.6732813840191	0.9985787351619484
550.0066173840191	0.9968986109792561
550.3399533840192	0.9970345806589904
550.6732893840192	1.004241789312103
551.0066253840192	0.9967762063659271
551.3399613840193	0.9972753349310518
551.6732973840193	0.9963184900852787
552.0066333840193	0.9962973473614862
552.3399693840194	0.9957608122045434
552.6733053840194	0.9968269704197641
553.0066413840194	0.9957495945220243
553.3399773840194	0.9969729533251458
553.6733133840195	0.9948957570912977
554.0066493840195	0.9962893207017898
554.3399853840195	0.999323193675345
554.6733213840196	0.9952471757184317
555.0066573840196	0.9960976799918563
555.3399933840196	0.9939712317850713
555.6733293840197	0.996626792257612
556.0066653840197	0.9943934100986292
556.3400013840197	0.9941458791422796
556.6733373840198	0.9937070783033849
557.0066733840198	0.9975951676025154
557.3400093840198	0.9946015217996886
557.6733453840199	0.997153090552637
558.0066813840199	0.9861268283477778
654.0058713119979	1.0011578223341946
654.3392073119978	0.991291700095356
654.6725433119977	0.9992841135457409
655.0058793119977	0.9965884363228141
655.3392153119976	0.9960540217343594
655.6725513119975	0.9928922126330149
656.0058873119974	0.9973647489911868
656.3392233119973	0.9979534925267916
656.6725593119972	0.996116435267004
657.0058953119972	0.9986753457891276
657.3392313119971	0.9971591763129907
657.672567311997	0.9979110907645391
658.0059033119969	0.9985578664048426
658.3392393119968	0.9975863988234359
658.6725753119968	0.9992524853989047
659.0059113119967	0.9940853817102301
659.3392473119966	0.9963100995271773
659.6725833119965	1.0009253184797926
660.0059193119964	1.001587756054529
660.3392553119963	0.9964221172948885
660.6725913119963	1.001294448071866
661.0059273119962	1.002780164432134
661.3392633119961	0.9982681540316595
661.672599311996	1.0010602903159487
662.0059353119959	1.0001184911611682
662.3392713119958	1.0030724107527862
662.6726073119958	1.0047380420379617
663.0059433119957	1.0007480924526209
663.3392793119956	1.0031654042716514
663.6726153119955	1.003168576985124
664.0059513119954	1.0043331524619186
664.3392873119953	1.0040210731257906
664.6726233119953	1.0066043126861992
665.0059593119952	1.0004962864628832
665.3392953119951	1.0058717787353388
665.672631311995	1.001714991623404
666.0059673119949	1.003692027862217
666.3393033119949	1.004663087833788
666.6726393119948	1.0054908161873441
667.0059753119947	1.0068635569128264
667.3393113119946	1.007017354508707
667.6726473119945	1.0081765127055717
668.0059833119944	1.0090944951770564
668.3393193119944	1.0085420562130776
668.6726553119943	1.0085148449001637
669.0059913119942	1.0085571617514435
669.3393273119941	1.005956218071491
669.672663311994	1.0102800674334207
670.005999311994	1.0092475582242588
670.3393353119939	1.0119850648845095
670.6726713119938	1.0100644853539196
671.0060073119937	1.008670358348534
671.3393433119936	1.011484845823539
671.6726793119935	1.0113368811881076
672.0060153119935	1.0112730400823375
672.3393513119934	1.0105212069969027
672.6726873119933	1.0108162914101568
673.0060233119932	1.0153928022286316
673.3393593119931	1.0087201144717464
673.672695311993	1.0142072784124012
674.006031311993	1.0119944873809807
674.3393673119929	1.0102918982887155
674.6727033119928	1.0136659865898032
675.0060393119927	1.0157914646043067
675.3393753119926	1.0070387921818527
675.6727113119925	1.015363039574772
676.0060473119925	1.0120264360997104
676.3393833119924	1.013164073219014
676.6727193119923	1.012650021381232
677.0060553119922	1.0131024220451905
677.3393913119921	1.0108856923886715
677.672727311992	1.0120037893365006
678.006063311992	1.013700620655922
678.3393993119919	1.0140267015704192
678.6727353119918	1.010232607349101
679.0060713119917	1.0140617726856043
679.3394073119916	1.0132205443157927
679.6727433119916	1.0145414491300802
680.0060793119915	1.0104003519837204
680.3394153119914	1.013009479949635
680.6727513119913	1.0122034039961265
681.0060873119912	1.0133734721257899
681.3394233119911	1.0119274050015785
681.6727593119911	1.014560296303578
682.006095311991	1.0067700903598265
682.3394313119909	1.0108010023262446
682.6727673119908	1.0111793501641249
683.0061033119907	1.0123504804891914
683.3394393119906	1.0087703525929852
683.6727753119906	1.0118046857147578
684.0061113119905	1.0118286354858068
684.3394473119904	1.009350129410893
684.6727833119903	1.0112124280085313
685.0061193119902	1.0100184341235225
685.3394553119902	1.009358038633403
685.6727913119901	1.0095307182963913
686.00612731199	1.0082307082362973
686.3394633119899	1.0080319707838963
686.6727993119898	1.0086722888072497
687.0061353119897	1.007941224250939
687.3394713119897	1.0108640703514664
687.6728073119896	1.0063863605058196
688.0061433119895	1.0060301821118154
688.3394793119894	1.0056594916960422
688.6728153119893	1.0057728750869654
689.0061513119892	1.0057703536993037
689.3394873119892	1.0070076597479753
689.6728233119891	1.0056574023726546
690.006159311989	1.0034527545176035
690.3394953119889	1.00347187842073
690.6728313119888	1.0030455785903438
691.0061673119887	1.0037234746183485
691.3395033119887	1.0001950559030874
691.6728393119886	1.0020016654463917
692.0061753119885	1.0021497327221454
692.3395113119884	1.0012620677831325
692.6728473119883	1.0009238158674127
693.0061833119883	1.0009581723926078
693.3395193119882	1.0010678501880672
693.6728553119881	0.999896797523088
694.006191311988	1.0004790558828893
694.3395273119879	0.9982981705985701
694.6728633119878	0.9995370634144202
695.0061993119878	1.003941225308447
695.3395353119877	1.000549585758877
695.6728713119876	0.9965770474615427
696.0062073119875	1.0014059747967872
696.3395433119874	0.9959814583627582
696.6728793119873	0.9939527654284289
697.0062153119873	0.9978641280967456
697.3395513119872	0.9980280270404114
697.6728873119871	0.9939440876296847
698.006223311987	0.9941383614433459
698.3395593119869	0.9964403761917677
698.6728953119868	0.994681129986433
699.0062313119868	0.9954345631029281
699.3395673119867	0.9934718585932671
699.6729033119866	0.9930014617679634
700.0062393119865	0.9920027393518449
700.3395753119864	0.9942750086004557
700.6729113119864	0.9966474924364788
701.0062473119863	0.9935066552468547
701.3395833119862	0.9939072886650758
701.6729193119861	0.9917280917581903
702.006255311986	0.988159630762014
702.3395913119859	0.9913353958829667
702.6729273119859	0.9917902502411485
703.0062633119858	0.9881978479235609
703.3395993119857	0.989292490074144
703.6729353119856	0.9892428260220908
704.0062713119855	0.9897028081035767
704.3396073119854	0.9897382630675376
704.6729433119854	0.990593644072891
705.0062793119853	0.9928401977291057
705.3396153119852	0.9901771928813811
705.6729513119851	0.9838641487391151
706.006287311985	0.9897481251575977
706.339623311985	0.9893171716101353
706.6729593119849	0.991851061584748
707.0062953119848	0.9885028066925168
707.3396313119847	0.9935439923848407
707.6729673119846	0.9838650949159895
708.0063033119845	0.9895435526534567
708.3396393119845	0.9869993507159582
708.6729753119844	0.9887270980065924
709.0063113119843	0.9865704779281267
709.3396473119842	0.9894543958938788
709.6729833119841	0.9852306040653059
710.006319311984	0.9933038872727704
710.339655311984	0.9835964652734708
710.6729913119839	0.9875738807507687
711.0063273119838	0.9903043214638718
711.3396633119837	0.9860657240222876
711.6729993119836	0.994809847736914
712.0063353119835	0.9848853434143003
712.3396713119835	0.988788941773176
712.6730073119834	0.9886485066594095
713.0063433119833	0.9851103542347563
713.3396793119832	0.9874108023175517
713.6730153119831	0.9900732270579347
714.006351311983	0.988356608705642
714.339687311983	0.9903925768355882
714.6730233119829	0.9886103578645439
715.0063593119828	0.9909742311166886
715.3396953119827	0.9942609340251586
715.6730313119826	0.9863290326642384
716.0063673119826	0.992947788795629
716.3397033119825	0.9834322683707306
716.6730393119824	0.9892016845442377
717.0063753119823	0.993398947657022
717.3397113119822	0.9886951006114892
717.6730473119821	0.990924709517555
718.0063833119821	0.9904632070827084
718.339719311982	0.9925150242262263
718.6730553119819	0.9914502143511918
719.0063913119818	0.9936043540225455
719.3397273119817	0.9935813750233204
719.6730633119817	0.9939043122053429
720.0063993119816	0.9891550768917458
720.3397353119815	0.9936918810656936
720.6730713119814	0.9937054885803414
721.0064073119813	0.9938359869255009
721.3397433119812	0.9972783208660927
721.6730793119812	0.992984653242514
722.0064153119811	0.9949920716828208
722.339751311981	0.9942717831328644
722.6730873119809	0.9940174147186385
723.0064233119808	0.995816414331403
723.3397593119807	0.9960606738081728
723.6730953119807	0.9947695055555976
724.0064313119806	0.9957251402634455
724.3397673119805	0.9958406415268892
724.6731033119804	0.9954968116817817
725.0064393119803	0.9977670020624163
725.3397753119802	0.9973886471742934
725.6731113119802	0.9989737957801931
726.0064473119801	0.9988452539639953
726.33978331198	0.9920663389251357
726.6731193119799	0.9945618956048073
727.0064553119798	0.9964341679342004
727.3397913119798	0.9972863133876836
727.6731273119797	0.9966771601450136
728.0064633119796	0.9972448574714073
728.3397993119795	0.9974751872995062
728.6731353119794	0.9989586536525163
729.0064713119793	1.0010159252037505
729.3398073119793	0.9981843929727197
729.6731433119792	0.9964113115287845
730.0064793119791	1.001438108789587
730.339815311979	0.9972785651295129
730.6731513119789	0.9969736583669889
731.0064873119788	0.9978179137489248
731.3398233119788	0.9988759799061755
731.6731593119787	0.9970598046570203
732.0064953119786	0.9975087228240941
732.3398313119785	0.9977051620952234
732.6731673119784	0.9967907142494933
733.0065033119783	0.996377910180238
733.3398393119783	0.9972064934174654
733.6731753119782	0.995385870913725
734.0065113119781	0.9965406767929651
734.339847311978	0.9965187112525985
734.6731833119779	0.9958409910475201
735.0065193119779	0.99450387911401
735.3398553119778	0.9973051673062897
735.6731913119777	0.9932249495105078
736.0065273119776	0.9969665584008452
736.3398633119775	0.9947721395941846
736.6731993119774	0.9950965608729581
737.0065353119774	0.9956971225982305
737.3398713119773	0.9968715804258922
737.6732073119772	0.9953945060910545
738.0065433119771	0.9939507497866815
738.339879311977	0.992955579925151
738.673215311977	0.9955879759996101
739.0065513119769	0.9945757758362347
739.3398873119768	0.9945086028163197
739.6732233119767	0.9939758070957379
740.0065593119766	0.9930295688247348
740.3398953119765	0.9930966399943866
740.6732313119765	0.9933131458067402
741.0065673119764	0.9950415960958079
741.3399033119763	0.9926770859837227
741.6732393119762	0.9945130007585408
742.0065753119761	0.9951357881046657
742.339911311976	0.9934318978201374
742.673247311976	0.9916119993068855
743.0065833119759	0.992067679038933
743.3399193119758	0.994012489523227
743.6732553119757	0.9937251935553684
744.0065913119756	0.9923885666507224
744.3399273119755	0.9957026625998746
744.6732633119755	0.9956506881289787
745.0065993119754	0.9923093572476491
745.3399353119753	0.9919961963169653
745.6732713119752	0.9928920892728658
746.0066073119751	0.9920877845523745
746.339943311975	0.9963809062549883
746.673279311975	0.9911138919524884
747.0066153119749	0.9974519002700967
747.3399513119748	0.9934479619148018
747.6732873119747	0.9935765475784245
748.0066233119746	0.9921367046642467
748.3399593119746	0.9948465266680001
748.6732953119745	0.9941649455007923
749.0066313119744	0.9925807027868541
749.3399673119743	0.9888822577024949
749.6733033119742	0.9963781990015672
750.0066393119741	0.9927744912828761
750.3399753119741	0.9989883514558285
750.673311311974	0.9982525105244198
751.0066473119739	0.9947671224873063
751.3399833119738	0.9963891355860655
751.6733193119737	0.9955454103292306
752.0066553119736	0.9956764602785985
752.3399913119736	0.9977871915562965
752.6733273119735	0.9964087119416537
753.0066633119734	0.997089087613134
753.3399993119733	0.9967108007009033
753.6733353119732	0.9957481691621604
754.0066713119732	0.9991754181151193
754.3400073119731	0.9997239609053289
754.673343311973	0.9973181504474786
755.0066793119729	1.0004506336659333
755.3400153119728	0.9979859849974432
755.6733513119727	0.9981967688848203
756.0066873119727	0.9990369323747549
756.3400233119726	0.9984228542835248
756.6733593119725	1.002617161301678
757.0066953119724	1.0006760683663545
757.3400313119723	1.0008478207386429
757.6733673119722	0.9996596891144062
758.0067033119722	1.0021414856489086
758.3400393119721	1.0021755499855696
758.673375311972	1.0025080078967912
759.0067113119719	1.0010163733485469
759.3400473119718	1.0044284175342995
759.6733833119717	1.001434987105962
760.0067193119717	1.0048392996483726
760.3400553119716	1.0028466009636887
760.6733913119715	1.0026024243960645
761.0067273119714	1.0018659407908064
761.3400633119713	1.0050941141271335
761.6733993119713	1.0068304666882935
762.0067353119712	1.0067451597860873
762.3400713119711	1.006480939137366
762.673407311971	1.0063224820869743
763.0067433119709	1.008467453451056
763.3400793119708	1.0070899301114387
763.6734153119708	1.0090146754914144
764.0067513119707	1.0072267673790227
764.3400873119706	1.0054443829003787
764.6734233119705	1.0100633780739623
765.0067593119704	1.0098700905203755
765.3400953119703	1.0122397099359974
765.6734313119703	1.00872261983404
766.0067673119702	1.0114841813455715
766.3401033119701	1.0104073824007131
766.67343931197	1.0107928898463998
767.0067753119699	1.0109335842322942
767.3401113119698	1.0132300166991217
767.6734473119698	1.0111889682185191
768.0067833119697	1.0149993322543178
768.3401193119696	1.0169649409248218
768.6734553119695	1.0138022496784111
769.0067913119694	1.0132270114818205
769.3401273119694	1.01515418135823
769.6734633119693	1.0129056217705776
770.0067993119692	1.0152512266828488
770.3401353119691	1.018796339860947
770.673471311969	1.0125683180036045
771.0068073119689	1.015190747332334
771.3401433119689	1.0143250887109247
771.6734793119688	1.0156591033600224
772.0068153119687	1.0159886831741614
772.3401513119686	1.0157033908395783
772.6734873119685	1.0155103609863505
773.0068233119684	1.0171482790400206
773.3401593119684	1.0184429501873158
773.6734953119683	1.016808988550942
774.0068313119682	1.0142688993792988
774.3401673119681	1.0164845949831918
774.673503311968	1.0169063082548186
775.006839311968	1.0160386341335381
775.3401753119679	1.017437524656544
775.6735113119678	1.0164123450168485
776.0068473119677	1.0161635756651994
776.3401833119676	1.01627141351966
776.6735193119675	1.0167719483266902
777.0068553119675	1.016577477786944
777.3401913119674	1.0174105837651783
777.6735273119673	1.0161513192837255
778.0068633119672	1.016392236794283
778.3401993119671	1.0156258238527978
778.673535311967	1.017731730865322
779.006871311967	1.01697823915695
779.3402073119669	1.0163558950371996
779.6735433119668	1.0168054959265358
780.0068793119667	1.0171622503649802
780.3402153119666	1.015983338160018
780.6735513119665	1.01282022312317
781.0068873119665	1.01750724073857
781.3402233119664	1.0152457754331017
781.6735593119663	1.0151531251840966
782.0068953119662	1.0153201565862855
782.3402313119661	1.0125007613542216
782.673567311966	1.016150390722957
783.006903311966	1.0157125838898622
783.3402393119659	1.0127163494424267
783.6735753119658	1.0145143105301462
784.0069113119657	1.012320051700323
784.3402473119656	1.0137017175533294
784.6735833119656	1.0127227628030042
785.0069193119655	1.012211987586775
785.3402553119654	1.0162137188200193
785.6735913119653	1.0106141485464175
786.0069273119652	1.0092656524515813
786.3402633119651	1.0111444419534927
786.6735993119651	1.0074859507208227
787.006935311965	1.0090480690634622
787.3402713119649	1.0100836623356761
787.6736073119648	1.0070017286054023
788.0069433119647	1.0083792855409555
788.3402793119647	1.0083928601411605
788.6736153119646	1.007569139604049
789.0069513119645	1.0070351442035572
789.3402873119644	1.0064320114347112
789.6736233119643	1.006277264145397
790.0069593119642	1.0039915122507872
790.3402953119642	1.0079448421403903
790.6736313119641	1.0027887164216747
791.006967311964	1.0037184001944432
791.3403033119639	1.0028918966157803
791.6736393119638	1.0015895430443291
792.0069753119637	1.000330848119348
792.3403113119637	1.0024602829157123
792.6736473119636	1.0018242725684217
793.0069833119635	1.0023903027127634
793.3403193119634	0.9993485783676043
793.6736553119633	0.9990715218430899
794.0069913119632	0.9996517694434476
794.3403273119632	0.999612618532056
794.6736633119631	0.9973071960186176
795.006999311963	0.999926143727287
795.3403353119629	0.9973408015903661
795.6736713119628	0.9995011485410851
796.0070073119628	0.9961234381542223
796.3403433119627	0.9965253056893228
796.6736793119626	0.9922097249236677
797.0070153119625	0.9907821817595327
797.3403513119624	0.9954083612252903
797.6736873119623	0.9946271207786618
798.0070233119623	0.9947400005939973
798.3403593119622	0.9928722897465261
798.6736953119621	0.9935589549797548
799.007031311962	0.9952725450847385
799.3403673119619	0.9950645775554514
799.6737033119618	0.9911287713767986
800.0070393119618	0.9908185788434838
800.3403753119617	0.9916938845920767
800.6737113119616	0.9923314514467622
801.0070473119615	0.991970660337996
801.3403833119614	0.9907697828927772
801.6737193119613	0.9928050210561349
802.0070553119613	0.9939347342431325
802.3403913119612	0.9894832745453542
802.6737273119611	0.9906843672677627
803.007063311961	0.9906970827953913
803.3403993119609	0.9903467969073578
803.6737353119609	0.9884361681661212
804.0070713119608	0.9905892328232382
804.3404073119607	0.9901836909666616
804.6737433119606	0.9913317257158077
805.0070793119605	0.9910903579936163
805.3404153119604	0.9898320581134916
805.6737513119604	0.9869770279766714
806.0070873119603	0.9936410655208046
806.3404233119602	0.9918585872492407
806.6737593119601	0.9898448534415476
807.00709531196	0.9885538452472746
807.34043131196	0.9910871468921524
807.6737673119599	0.9921546352885905
808.0071033119598	0.9908954685992003
808.3404393119597	0.995590355163026
808.6737753119596	0.9942016641767094
809.0071113119595	0.9909791438479066
809.3404473119595	0.9946621594425787
809.6737833119594	0.9922096744222013
810.0071193119593	0.993877356165898
810.3404553119592	0.9926955825839504
810.6737913119591	0.993801260942243
811.007127311959	0.9944009191757054
811.340463311959	0.996522846469376
811.6737993119589	0.9929102832156348
812.0071353119588	0.9940763035052176
812.3404713119587	0.99563603353903
812.6738073119586	0.9955506842632801
813.0071433119585	0.996385625563076
813.3404793119585	0.9966090604567637
813.6738153119584	0.9926969044585754
814.0071513119583	0.9969740177260681
814.3404873119582	0.9961001546800717
814.6738233119581	0.9974691399710744
815.007159311958	0.9950484650570036
815.340495311958	0.9959285640702963
815.6738313119579	0.99549726675933
816.0071673119578	0.9967347844112163
816.3405033119577	0.9962192489000028
816.6738393119576	0.9967983846097468
817.0071753119576	0.9975420636366574
817.3405113119575	0.9965091766239593
817.6738473119574	0.9956381446443073
818.0071833119573	0.9961554643928524
818.3405193119572	0.996924110481693
818.6738553119571	1.002020644626583
819.0071913119571	0.997820082247659
819.340527311957	0.9950006895801162
819.6738633119569	0.9994367363714177
820.0071993119568	0.9937366644928026
820.3405353119567	0.9960149235705633
820.6738713119566	0.994999856219559
821.0072073119566	0.9968593966446578
821.3405433119565	0.9948424257464871
821.6738793119564	0.9948487609485999
822.0072153119563	0.9949656934344272
822.3405513119562	0.9932950016993887
822.6738873119562	0.9960236393677765
823.0072233119561	0.9953699530450654
823.340559311956	0.9977624828781496
823.6738953119559	0.9974888349411073
824.0072313119558	0.9938441240195273
824.3405673119557	0.9909944169717086
824.6739033119557	0.9931110979825579
825.0072393119556	0.9961168742524029
825.3405753119555	0.9925287238492417
825.6739113119554	0.9939144378082526
826.0072473119553	0.9919407672796093
826.3405833119552	0.9918131210048803
826.6739193119552	0.9922784377084424
827.0072553119551	0.99152682739678
827.340591311955	0.9914330594165733
827.6739273119549	0.9896687938889986
828.0072633119548	0.9926646680321836
828.3405993119547	0.98937964004064
828.6739353119547	0.987027302855715
829.0072713119546	0.9895797560246852
829.3406073119545	0.986390673494062
829.6739433119544	0.9892874232042156
830.0072793119543	0.9879368721484787
830.3406153119543	0.988896799127905
830.6739513119542	0.990184926556473
831.0072873119541	0.9892104369877543
831.340623311954	0.9873955499657593
831.6739593119539	0.9898947822289023
832.0072953119538	0.9851164297176285
832.3406313119538	0.986423104497006
832.6739673119537	0.9894604621293235
833.0073033119536	0.9885459509627347
833.3406393119535	0.9894828719118974
833.6739753119534	0.9840667114816408
834.0073113119533	0.9818552148839927
834.3406473119533	0.9925832076342372
834.6739833119532	0.9876233293257279
835.0073193119531	0.9883043450712075
835.340655311953	0.9889877913772075
835.6739913119529	0.9885650261264941
836.0073273119528	0.989799040864402
836.3406633119528	0.9861353926910615
836.6739993119527	0.9881666622998843
837.0073353119526	0.9892069344083656
837.3406713119525	0.9889983430357373
837.6740073119524	0.9878214743850064
838.0073433119524	0.9914283354382657
838.3406793119523	0.9873325662684143
838.6740153119522	0.9912182262202159
839.0073513119521	0.9901986304345036
839.340687311952	0.9904716348488366
839.6740233119519	0.9911080844804764
840.0073593119519	0.9915362437466593
840.3406953119518	0.989802110658967
840.6740313119517	0.9912319731573476
841.0073673119516	0.9928716306015978
841.3407033119515	0.9911116843250113
841.6740393119514	0.991023050206678
842.0073753119514	0.993969549245067
842.3407113119513	0.9945749760342729
842.6740473119512	0.9966639798231026
843.0073833119511	0.9949343484398597
843.340719311951	0.9966746303829834
843.674055311951	0.9959194147945387
844.0073913119509	0.9983477153530024
844.3407273119508	0.9991787411609341
844.6740633119507	0.9983749968847075
845.0073993119506	0.9997904123014314
845.3407353119505	1.0002359340337315
845.6740713119505	0.998896373654813
846.0074073119504	0.9979752496315923
846.3407433119503	1.0005201460208921
846.6740793119502	1.0014317058937026
847.0074153119501	1.000683471989812
847.34075131195	0.9989798812484659
847.67408731195	1.0013250116604955
848.0074233119499	1.0022629751541738
848.3407593119498	1.0043145519063572
848.6740953119497	1.0025393339059276
849.0074313119496	1.003809525627637
849.3407673119495	1.0069280192636147
849.6741033119495	1.0031624047995666
850.0074393119494	1.006583583177734
850.3407753119493	1.0062186154594541
850.6741113119492	1.0065835461780102
851.0074473119491	1.0058298289517655
851.340783311949	1.0081800274509398
851.674119311949	1.0079939131464168
852.0074553119489	1.0074044842579752
852.3407913119488	1.0088093090555017
852.6741273119487	1.0081597917843992
853.0074633119486	1.0073371438723486
853.3407993119486	1.0082351776051337
853.6741353119485	1.0083199860742285
854.0074713119484	1.0073064306817292
854.3408073119483	1.0071002602779047
854.6741433119482	1.0088480976533256
855.0074793119481	1.0080844538086944
855.3408153119481	1.008182746124663
855.674151311948	1.008012065453922
856.0074873119479	1.0081015750197118
856.3408233119478	1.007428644500109
856.6741593119477	1.0079483546754857
857.0074953119477	1.0078495417655282
857.3408313119476	1.0080796184678333
857.6741673119475	1.0061292636266441
858.0075033119474	1.0072189049225893
858.3408393119473	1.0073593284269071
858.6741753119472	1.006295520956684
859.0075113119472	1.0063707025859905
859.3408473119471	1.0072135341535835
859.674183311947	1.0054487084597643
860.0075193119469	1.0037603254822296
860.3408553119468	1.005198874160948
860.6741913119467	1.0056085883202832
861.0075273119467	1.0047437119573808
861.3408633119466	1.0043900396359056
861.6741993119465	1.0041900340944985
862.0075353119464	1.0042632630138857
862.3408713119463	1.0039620390843396
862.6742073119462	1.0036412835350481
863.0075433119462	1.0033434189194768
863.3408793119461	1.0025943350622417
863.674215311946	1.002158795349254
864.0075513119459	1.0021680393360968
864.3408873119458	1.0011466609281556
864.6742233119458	1.0023235571950029
865.0075593119457	1.001934729995507
865.3408953119456	1.0021668660761864
865.6742313119455	1.0000672581164005
866.0075673119454	1.0006052931037692
866.3409033119453	0.997897122362722
866.6742393119453	0.9995250610242492
867.0075753119452	0.9988292137341739
867.3409113119451	0.999818764300474
867.674247311945	0.9979530481636945
868.0075833119449	0.9984932344979036
868.3409193119448	1.001135437718225
868.6742553119448	0.9994530335313835
869.0075913119447	0.9970020417638815
869.3409273119446	0.9984269078856156
869.6742633119445	0.9972697399327619
870.0075993119444	0.9976690492272661
870.3409353119443	0.9956355810747346
870.6742713119443	0.9994431335654488
871.0076073119442	0.9921219755019316
978.0033754079924	1.0019610183665544
978.3367114079923	1.0034360138825196
978.6700474079922	1.009760191365136
979.0033834079921	1.004313861396579
979.3367194079921	1.0081009322860526
979.670055407992	1.0052811836584075
980.0033914079919	1.0042969411961924
980.3367274079918	1.0080855239159034
980.6700634079917	1.0045655209706665
981.0033994079917	1.0057069371056284
981.3367354079916	1.004275945231004
981.6700714079915	1.0051779577108522
982.0034074079914	1.0036259830442724
982.3367434079913	1.0056827522324996
982.6700794079912	1.0035426850446432
983.0034154079912	1.0061003034586629
983.3367514079911	1.0049849274826108
983.670087407991	1.0064603619256804
984.0034234079909	1.0055263316092906
984.3367594079908	1.0050752226716273
984.6700954079907	1.002091636098611
985.0034314079907	1.0074098034689272
985.3367674079906	1.0020725822593612
985.6701034079905	1.0047587858110165
986.0034394079904	1.0036603114096754
986.3367754079903	1.0033032744086836
986.6701114079902	1.0043833302424239
987.0034474079902	1.0049376299646804
987.3367834079901	1.0034615152956388
987.67011940799	1.0045633324467877
988.0034554079899	1.0038940970798351
988.3367914079898	1.0036946554207806
988.6701274079898	1.0021949678758768
989.0034634079897	1.0044258833189301
989.3367994079896	1.0061570643483613
989.6701354079895	1.0012839557730748
990.0034714079894	1.0058780108469578
990.3368074079893	1.0021405895747915
990.6701434079893	1.004256312008436
991.0034794079892	1.003110880043415
991.3368154079891	1.0025622396776166
991.670151407989	1.002203599367881
992.0034874079889	1.0024428980753572
992.3368234079888	1.0027348972956016
992.6701594079888	1.0026055823385365
993.0034954079887	1.0020289825252797
993.3368314079886	1.0007455986548834
993.6701674079885	1.002632626070446
994.0035034079884	1.0040078032143167
994.3368394079884	1.0009553422779942
994.6701754079883	1.002182371883362
995.0035114079882	1.0010522836023303
995.3368474079881	1.002743504613153
995.670183407988	0.9992299401267033
996.0035194079879	1.0073984327383658
996.3368554079879	1.0048318197383241
996.6701914079878	0.9961328691082523
997.0035274079877	1.0012214878679064
997.3368634079876	1.0037517204279165
997.6701994079875	1.000162149475022
998.0035354079874	1.0031029273776149
998.3368714079874	1.0038166637437522
998.6702074079873	1.001135710370626
999.0035434079872	1.000988106015148
999.3368794079871	1.0020181496489728
999.670215407987	1.0007262771005878
1000.003551407987	1.002558139599379
1000.3368874079869	0.999877114192032
1000.6702234079868	1.0027927425848442
1001.0035594079867	1.0015919605984285
1001.3368954079866	0.9998303007489467
1001.6702314079865	1.0017613296970742
1002.0035674079865	1.000701746795467
1002.3369034079864	1.0030031764681142
1002.6702394079863	0.9985541353769213
1003.0035754079862	1.0004352362080107
1003.3369114079861	1.0041008539829928
1003.670247407986	1.0020685981798434
1004.003583407986	1.000738381785366
1004.3369194079859	1.001965724045136
1004.6702554079858	1.00019414175839
1005.0035914079857	1.0018122518560282
1005.3369274079856	1.0029569109556729
1005.6702634079855	1.0021443427666692
1006.0035994079855	0.9996831293896523
1006.3369354079854	1.0026720099061726
1006.6702714079853	1.001007775560273
1007.0036074079852	1.0019831429814603
1007.3369434079851	1.0031938929583135
1007.670279407985	1.0047874619640027
1008.003615407985	1.0021600840387672
1008.3369514079849	1.0030077442071377
1008.6702874079848	1.0013747006765854
1009.0036234079847	1.001484838086057
1009.3369594079846	1.0015318469053207
1009.6702954079846	1.0003440413614728
1010.0036314079845	1.0002618346655423
1010.3369674079844	1.0000317467895932
1010.6703034079843	1.0010640337059753
1011.0036394079842	1.001690949650567
1011.3369754079841	1.0028686496055244
1011.6703114079841	1.001447483369873
1012.003647407984	1.001109118226901
1012.3369834079839	1.0047274583247963
1012.6703194079838	1.0009554284808275
1013.0036554079837	1.0016778841084364
1013.3369914079836	1.0017831051578985
1013.6703274079836	1.0004470566223533
1014.0036634079835	1.001062867123835
1014.3369994079834	1.0019338367396788
1014.6703354079833	1.000821124261526
1015.0036714079832	0.9992349356972398
1015.3370074079832	1.0002015243282056
1015.6703434079831	0.9994009630182713
1016.003679407983	0.9999777313423921
1016.3370154079829	0.9996536060257972
1016.6703514079828	0.9986872191786407
1017.0036874079827	0.9993972863164138
1017.3370234079827	0.9977628227018894
1017.6703594079826	0.9974372217507602
1018.0036954079825	0.9993576955098809
1018.3370314079824	0.9962568655830811
1018.6703674079823	1.0006477108905985
1019.0037034079822	0.9959769278146733
1019.3370394079822	1.0001257397221852
1019.6703754079821	0.9986625318160117
1020.003711407982	0.9947420992894951
1020.3370474079819	0.9952689709769625
1020.6703834079818	0.9962252147717392
1021.0037194079817	0.9955473136830494
1021.3370554079817	0.9965292609196651
1021.6703914079816	0.9955490349990922
1022.0037274079815	0.9944073267409561
1022.3370634079814	0.9951189972571319
1022.6703994079813	0.9982901824058982
1023.0037354079813	0.9925539684137809
1023.3370714079812	0.9950735548368149
1023.6704074079811	0.9928523226510042
1024.003743407981	0.9917057562552473
1024.337079407981	0.9929011376589646
1024.6704154079807	0.9890832147678346
1025.0037514079809	0.9950011184405074
1025.3370874079806	0.9944636311417141
1025.6704234079807	0.9869322401738774
1026.0037594079804	0.99184882657103
1026.3370954079805	0.9940098995643696
1026.6704314079802	0.9893921031516264
1027.0037674079804	0.991746293742051
1027.33710340798	0.989915584289854
1027.6704394079802	0.9897005943205699
1028.00377540798	0.9904591932766436
1028.33711140798	0.9879834104086692
1028.6704474079797	0.9848993627234814
1029.0037834079799	0.9893565457225546
1029.3371194079796	0.9868267793504054
1029.6704554079797	0.9877709579299571
1030.0037914079794	0.9877676804487823
1030.3371274079796	0.9900153435904593
1030.6704634079792	0.9861508482208514
1031.0037994079794	0.9872944891179833
1031.337135407979	0.9891345332674926
1031.6704714079792	0.987450938174134
1032.003807407979	0.9864829605820414
1032.337143407979	0.9889961519069101
1032.6704794079787	0.988048714371117
1033.003815407979	0.9897431631465824
1033.3371514079786	0.9863609349585388
1033.6704874079787	0.988293124819767
1034.0038234079784	0.9872711645150849
1034.3371594079786	0.9884756497294233
1034.6704954079783	0.9856586345929848
1035.0038314079784	0.9873872884045166
1035.337167407978	0.9889473533022286
1035.6705034079782	0.9896529133371196
1036.003839407978	0.9839092829850599
1036.337175407978	0.9892487853247665
1036.6705114079778	0.9866021842850022
1037.003847407978	0.9871934110288114
1037.3371834079776	0.9868265399409791
1037.6705194079777	0.9844407814784529
1038.0038554079774	0.9891137916743955
1038.3371914079776	0.990722050444021
1038.6705274079773	0.9866817700715246
1039.0038634079774	0.9890728483325545
1039.337199407977	0.9869976803450016
1039.6705354079772	0.989682243769767
1040.003871407977	0.9865687005271309
1040.337207407977	0.9899701304885894
1040.6705434079768	0.9956148370722541
1041.003879407977	0.9861379256914733
1041.3372154079766	0.9893251121676415
1041.6705514079767	0.9883928900487307
1042.0038874079764	0.9897796197658318
1042.3372234079766	0.9888167614189802
1042.6705594079763	0.9886303625500914
1043.0038954079764	0.9871851575669945
1043.337231407976	0.9897765940967306
1043.6705674079763	0.989629565054311
1044.003903407976	0.9889874217652791
1044.337239407976	0.9892117030787733
1044.6705754079758	0.9920717687551833
1045.003911407976	0.9892856282706163
1045.3372474079756	0.9949962609193279
1045.6705834079758	0.9909420262762257
1046.0039194079754	0.9904817359980619
1046.3372554079756	0.9913674401387462
1046.6705914079753	0.9907442558127786
1047.0039274079754	0.9947321523470214
1047.3372634079751	0.9937072429479387
1047.6705994079753	0.9884598730936427
1048.003935407975	0.9953083478803887
1048.337271407975	0.9916925991661532
1048.6706074079748	0.9932785861585685
1049.003943407975	0.9908392152454363
1049.3372794079746	0.9946051219236014
1049.6706154079748	0.9914183494061909
1050.0039514079745	0.9929647942991586
1050.3372874079746	0.9932334271097595
1050.6706234079743	0.9941839625752917
1051.0039594079744	0.9952341317035368
1051.3372954079741	0.9934961300703666
1051.6706314079743	0.9963457101498081
1052.003967407974	0.9939581310774784
1052.337303407974	0.9981795285362691
1052.6706394079738	0.9967446861309288
1053.003975407974	0.9944211512557944
1053.3373114079736	0.9953746695922634
1053.6706474079738	0.9976714292634826
1054.0039834079735	0.9974941006360843
1054.3373194079736	0.9983965619796364
1054.6706554079733	1.0005052121126712
1055.0039914079734	0.9977627335740223
1055.3373274079731	1.000697313494117
1055.6706634079733	0.9957245802629008
1056.003999407973	1.0007359363392259
1056.3373354079731	0.9997306686249227
1056.6706714079728	1.0009179241240802
1057.004007407973	1.0015812075147144
1057.3373434079726	0.999317955188033
1057.6706794079728	1.0040401025583272
1058.0040154079725	1.002316656726676
1058.3373514079726	1.001708192177907
1058.6706874079723	1.0042403131767943
1059.0040234079725	1.0043071166329656
1059.3373594079721	1.004551013581111
1059.6706954079723	1.004126655261185
1060.004031407972	1.0080080943218177
1060.3373674079721	1.005854019434796
1060.6707034079718	1.0077023948111863
1061.004039407972	1.006960632911407
1061.3373754079716	1.0069537561015436
1061.6707114079718	1.0094346800686662
1062.0040474079715	1.0092243204541402
1062.3373834079716	1.0062564296896983
1062.6707194079713	1.008583266131236
1063.0040554079715	1.0091021806717368
1063.3373914079712	1.009071945998034
1063.6707274079713	1.0104030996100075
1064.004063407971	1.010170355487343
1064.3373994079711	1.0106043020506312
1064.6707354079708	1.0122203114929587
1065.004071407971	1.0114293004118637
1065.3374074079707	1.0106036498943565
1065.6707434079708	1.0124161049010358
1066.0040794079705	1.0128414582533418
1066.3374154079706	1.0130001659313412
1066.6707514079703	1.0150777614877577
1067.0040874079705	1.0143035485193326
1067.3374234079702	1.0121351234004405
1067.6707594079703	1.0133497125127007
1068.00409540797	1.0148092900033157
1068.3374314079701	1.013279083522022
1068.6707674079698	1.0164901198462652
1069.00410340797	1.0155906162866881
1069.3374394079697	1.013409423550033
1069.6707754079698	1.0157116242824076
1070.0041114079695	1.013459011579869
1070.3374474079696	1.014013379873907
1070.6707834079693	1.0147738560469999
1071.0041194079695	1.0137845966806336
1071.3374554079692	1.01421845256444
1071.6707914079693	1.0156570475667586
1072.004127407969	1.0145669355783549
1072.3374634079692	1.014141035569613
1072.6707994079688	1.0136954730655088
1073.004135407969	1.0150175251524218
1073.3374714079687	1.0132748237407168
1073.6708074079688	1.0111334534741232
1074.0041434079685	1.0140502460402525
1074.3374794079687	1.0142569122529188
1074.6708154079683	1.0137065095931623
1075.0041514079685	1.0123490119627294
1075.3374874079682	1.0125044447465583
1075.6708234079683	1.012868121560907
1076.004159407968	1.0123683937329218
1076.3374954079682	1.0134175084009243
1076.6708314079679	1.0125905504193577
1077.004167407968	1.0086551896415783
1077.3375034079677	1.0118899036188498
1077.6708394079678	1.0090113627233708
1078.0041754079675	1.009784447389882
1078.3375114079677	1.009814579395783
1078.6708474079674	1.0095290668482462
1079.0041834079675	1.0102073672595921
1079.3375194079672	1.007918953575121
1079.6708554079673	1.0064577044332188
1080.004191407967	1.009187668758007
1080.3375274079672	1.005967413851886
1080.6708634079669	1.0077356216066886
1081.004199407967	1.0064485990771617
1081.3375354079667	1.0065828728211028
1081.6708714079668	1.0045684533151702
1082.0042074079665	1.006774861880252
1082.3375434079667	1.00561597472694
1082.6708794079664	1.0036601796694762
1083.0042154079665	1.0041372425922401
1083.3375514079662	1.0035286141262212
1083.6708874079663	1.000227713979717
1084.004223407966	1.0028434621869209
1084.3375594079662	1.0015416307391218
1084.6708954079659	1.0044421292507593
1085.004231407966	1.0011587418144472
1085.3375674079657	1.0042742868709862
1085.6709034079659	1.0002900133822674
1086.0042394079655	1.0033182390204856
1086.3375754079657	1.0009230582449788
1086.6709114079654	1.0024487836975828
1087.0042474079655	1.0003232421447572
1087.3375834079652	0.9999318212029593
1087.6709194079654	0.9992070496842104
1088.004255407965	1.0003919059276254
1088.3375914079652	1.000113948817034
1088.6709274079649	1.0013015933461746
1089.004263407965	1.0017315730198044
1089.3375994079647	1.001945564706282
1089.6709354079649	0.9958986691785553
1090.0042714079646	0.9984407046060759
1090.3376074079647	1.0004197649723903
1090.6709434079644	1.0013397956999577
1091.0042794079645	1.0006421365268636
1091.3376154079642	1.0005963402377962
1091.6709514079644	1.0009047629236412
1092.004287407964	1.0034981400312895
1092.3376234079642	0.9959837094283943
1092.670959407964	1.0005376257578205
1093.004295407964	1.0015827606314223
1093.3376314079637	1.0013447502888786
1093.6709674079639	1.0027861155237539
1094.0043034079636	1.0017985454401168
1094.3376394079637	1.003850273149677
1094.6709754079634	1.0044388199469
1095.0043114079635	0.9997150596436193
1095.3376474079632	1.0094110986824234
1095.6709834079634	1.0049424643835416
1096.004319407963	1.0015238544158251
1096.3376554079632	1.0045203076578582
1096.670991407963	1.009314970690897
1097.004327407963	0.9977951888365196
1097.3376634079627	1.002305564306459
1097.6709994079629	1.0057922270676394
1098.0043354079626	1.0067023465274694
1098.3376714079627	1.0044808874183278
1098.6710074079624	1.0064474917384794
1099.0043434079626	1.0042400270170602
1099.3376794079622	1.0057723629174415
1099.6710154079624	1.0042082581328577
1100.004351407962	1.0050074489862832
1100.3376874079622	1.0068491555645906
1100.671023407962	1.00656920754509
1101.004359407962	1.0064863854442578
1101.3376954079617	1.0076757479360896
1101.671031407962	1.0046228731851683
1102.0043674079616	1.0078778921688256
1102.3377034079617	1.0095591150834233
1102.6710394079614	1.0044931697489672
1103.0043754079616	1.0085550152036082
1103.3377114079613	1.0055937529245391
1103.6710474079614	1.007862768470554
1104.004383407961	1.0058816644215194
1104.3377194079612	1.0084838908362257
1104.671055407961	1.0065552381412044
1105.004391407961	1.0074210843451759
1105.3377274079608	1.0047650679910263
1105.671063407961	1.0078804356915958
1106.0043994079606	1.0052557899423078
1106.3377354079607	1.0059703223471876
1106.6710714079604	1.008203381838322
1107.0044074079606	1.0045628049482667
1107.3377434079603	1.0052534314786665
1107.6710794079604	1.0046802257308463
1108.00441540796	1.0040178220565197
1108.3377514079602	1.0030401220691778
1108.67108740796	1.005188240607455
1109.00442340796	1.0002240405802665
1109.3377594079598	1.0014448008404397
1109.67109540796	1.003528506860003
1110.0044314079596	1.0007977641011243
1110.3377674079597	0.9957494636752415
1110.6711034079594	1.0046269071581695
1111.0044394079596	0.9979204402900996
1111.3377754079593	0.9985257139613527
1111.6711114079594	0.9989601532477702
1112.004447407959	0.9982407698968085
1112.3377834079593	0.9959296145402711
1112.671119407959	0.9971153274510632
1113.004455407959	0.9946205390862037
1113.3377914079588	0.9988739778929286
1113.671127407959	0.9897817869839535
1114.0044634079586	0.9927028275925582
1114.3377994079588	0.9970891441037444
1114.6711354079584	0.9932782901292678
1115.0044714079586	0.9955690247833456
1115.3378074079583	0.9907990056527013
1115.6711434079584	0.9929437856145698
1116.0044794079581	0.9915656148430413
1116.3378154079583	0.9900484370162761
1116.671151407958	0.9880824523544288
1117.004487407958	0.9885340575846739
1117.3378234079578	0.9884101725379999
1117.671159407958	0.9857473909630422
1118.0044954079576	0.9892329476491487
1118.3378314079578	0.9854338454217368
1118.6711674079575	0.9908411655344139
1119.0045034079576	0.9808380167759551
1119.3378394079573	0.9835777002455799
1119.6711754079574	0.9882774914721522
1120.0045114079571	0.985073494901785
1120.3378474079573	0.9866268292013765
1120.671183407957	0.9854077527560751
1121.004519407957	0.9864928423485697
1121.3378554079568	0.9833865583774136
1121.671191407957	0.9840419678142889
1122.0045274079566	0.9846663104025644
1122.3378634079568	0.9902226779923959
1122.6711994079565	0.9860320377955871
1123.0045354079566	0.9845120478818736
1123.3378714079563	0.9866733918205803
1123.6712074079564	0.9903873248445971
1124.0045434079561	0.9811290357086137
1124.3378794079563	0.9881063721397745
1124.671215407956	0.9861576079429469
1125.0045514079561	0.9875820517363217
1125.3378874079558	0.9849361719599067
1125.671223407956	0.9867263962688817
1126.0045594079556	0.9869470734786359
1126.3378954079558	0.9887011278691248
1126.6712314079555	0.9863833483138609
1127.0045674079556	0.9867699664397419
1127.3379034079553	0.9863709745270781
1127.6712394079555	0.9855202807967874
1128.0045754079551	0.989492616094873
1128.3379114079553	0.9893349304993928
1128.671247407955	0.9889718113892354
1129.0045834079551	0.9882665315427142
1129.3379194079548	0.9893034297185676
1129.671255407955	0.9898808486917207
1130.0045914079546	0.9918416180564182
1130.3379274079548	0.9907336944302182
1130.6712634079545	0.9900715574669002
1131.0045994079546	0.9959712055790827
1131.3379354079543	0.9908026480274156
1131.6712714079545	0.9956856193025259
1132.0046074079542	0.9943503551275681
1132.3379434079543	0.9956189251783804
1132.671279407954	0.9936681990464521
1133.0046154079541	0.9971334642254428
1133.3379514079538	0.9940161274136445
1133.671287407954	0.9981266742916125
1134.0046234079537	0.9981188694983061
1134.3379594079538	0.9994504725739474
1134.6712954079535	1.0026642928611171
1135.0046314079536	0.9986611423638113
1135.3379674079533	0.9995502338479456
1135.6713034079535	0.9974813632361267
1136.0046394079532	1.0000498693453386
1136.3379754079533	0.9998910688442434
1136.671311407953	1.000829363759145
1137.0046474079531	0.9990307660458481
1137.3379834079528	0.998014573169384
1137.671319407953	0.9996663246772308
1138.0046554079527	1.0010654100476746
1138.3379914079528	1.0019984880006125
1138.6713274079525	1.0019309047992442
1139.0046634079526	1.0023490425072628
1139.3379994079523	1.003931649617526
1139.6713354079525	1.0013540976848587
1140.0046714079522	1.0038160345870215
1140.3380074079523	1.0030133663712753
1140.671343407952	1.0024625479304998
1141.0046794079522	1.0025453023139321
1141.3380154079518	1.0039323940263731
1141.671351407952	1.002670456026552
1142.0046874079517	1.001504912595828
1142.3380234079518	0.99858484989502
1142.6713594079515	1.0002118561861542
1143.0046954079517	1.0026543135726678
1143.3380314079513	1.0013577521040278
1143.6713674079515	1.0033060842325057
1144.0047034079512	1.0023111295729654
1144.3380394079513	0.9997547310691108
1144.671375407951	1.002441214083314
1145.0047114079512	0.9989676877493766
1145.3380474079509	0.9987902510134478
1145.671383407951	1.0013255868542046
1146.0047194079507	1.0009033464816088
1146.3380554079508	1.0000205320760056
1146.6713914079505	1.0015842927171856
1147.0047274079507	0.9978014355833313
1147.3380634079504	1.0047433704577302
1147.6713994079505	1.000965235520826
1148.0047354079502	0.9965606271438995
1148.3380714079503	0.9996884402422029
1148.67140740795	0.9939308365539646
1149.0047434079502	0.9971299112463564
1149.3380794079499	0.9976479681388255
1149.67141540795	0.998620004256811
1150.0047514079497	0.9954968861862684
1150.3380874079498	0.9968134612481817
1150.6714234079495	0.9969029821693084
1151.0047594079497	0.9934204794295671
1151.3380954079494	0.9944476736932079
1151.6714314079495	0.9937921784413926
1152.0047674079492	0.9979071195808666
1152.3381034079493	0.9952855517155079
1152.671439407949	0.9948989273199199
1153.0047754079492	0.9929042958440201
1153.3381114079489	0.994455739988583
1153.671447407949	0.9937655401587455
1154.0047834079487	0.9933746668485813
1154.3381194079489	0.9946141954275772
1154.6714554079485	0.9944864413045588
1155.0047914079487	0.9922865617808316
1155.3381274079484	0.9940572151461514
1155.6714634079485	0.9920805561516862
1156.0047994079482	0.99437950656076
1156.3381354079484	0.9966856387209756
1156.671471407948	0.9924990001918632
1157.0048074079482	0.991773829543821
1157.3381434079479	0.9950131461562662
1157.671479407948	0.9928291320969116
1158.0048154079477	0.9951274555548417
1158.3381514079479	0.9943733785758659
1158.6714874079476	0.9935524986936841
1159.0048234079477	0.99283876039201
1159.3381594079474	0.9934929025270657
1159.6714954079475	0.9971876142958841
1160.0048314079472	0.9940081592762817
1160.3381674079474	0.9928709826542431
1160.671503407947	0.9964068598119528
1161.0048394079472	0.9953297233939413
1161.338175407947	0.993167976392589
1161.671511407947	0.9963850631211334
1162.0048474079467	0.9953627541761008
1162.3381834079469	0.9960483103337736
1162.6715194079466	0.9929607314526565
1163.0048554079467	0.9986142780391997
1163.3381914079464	0.9931187873862372
1163.6715274079465	0.9961722687670498
1164.0048634079462	0.9995293613073992
1164.3381994079464	1.0005027326643583
1164.671535407946	0.9959249088341516
1165.0048714079462	1.0001174054660917
1165.338207407946	0.9992770859448643
1165.671543407946	1.0016364480994977
1166.0048794079457	1.0011741628236628
1166.3382154079459	0.99883252696413
1166.6715514079456	1.000152248074745
1167.0048874079457	1.0008790595265633
1167.3382234079454	0.9993153295425492
1167.6715594079456	1.0014487707341653
1168.0048954079452	1.0022666451623878
1168.3382314079454	1.0045554213719612
1168.671567407945	0.9986451792817161
1169.0049034079452	1.0080268327587854
1169.338239407945	1.003898076406569
1169.671575407945	1.0019162008987783
1170.0049114079447	1.0042559657482946
1170.338247407945	1.0034621286402765
1170.6715834079446	1.0049813587250276
1171.0049194079447	1.0030386517924337
1171.3382554079444	1.00645969856679
1171.6715914079446	1.004356947568564
1172.0049274079443	1.0056618305946325
1172.3382634079444	1.0049920854770629
1172.671599407944	1.0050407742842156
1173.0049354079442	1.0051849678121236
1173.338271407944	1.0056711005329355
1173.671607407944	1.0084111691758761
1174.0049434079438	1.0091056929503812
1174.338279407944	1.0036959302587123
1174.6716154079436	1.00609549250866
1175.0049514079437	1.005076905022526
1175.3382874079434	1.0061426548764765
1175.6716234079436	1.0090826669352135
1176.0049594079433	1.0046054459786877
1176.3382954079434	1.009225575157251
1176.671631407943	1.0082225651403391
1177.0049674079432	1.0061391430014694
1177.338303407943	1.007038530534801
1177.671639407943	1.0094667334460958
1178.0049754079428	1.0033759000304092
1178.338311407943	1.0064415660245107
1178.6716474079426	1.0093581763757715
1179.0049834079427	1.0106490250565843
1179.3383194079424	1.0088356946515418
1179.6716554079426	1.0068169824021633
1180.0049914079423	1.0083929410777464
1180.3383274079424	1.0088233213658242
1180.671663407942	1.0060218722725691
1181.0049994079423	1.0076121004981045
1181.338335407942	1.0078218383469977
1181.671671407942	1.0088219775211724
1182.0050074079418	1.0080074712052847
1182.338343407942	1.0074164266276755
1182.6716794079416	1.0079844586614697
1183.0050154079418	1.0076596416418733
1183.3383514079414	1.0083642195272275
1183.6716874079416	1.005501886946462
1184.0050234079413	1.0124791693528223
1184.3383594079414	1.0081222727757024
1184.6716954079411	1.0071996672628645
1185.0050314079413	1.0081296388800476
1185.338367407941	1.0066481417264428
1185.671703407941	1.0109095786098405
1186.0050394079408	1.005785967542757
1186.338375407941	1.008229545154659
1186.6717114079406	1.006639334932358
1187.0050474079408	1.0072152713629472
1187.3383834079405	1.0062816059953157
1187.6717194079406	1.009099425620246
1188.0050554079403	1.0062198441742498
1188.3383914079404	1.0062574961681805
1188.6717274079401	1.008725817418585
1189.0050634079403	1.0088383190891637
1189.33839940794	1.0055837723610834
1189.67173540794	1.0072860391414138
1190.0050714079398	1.010438903676045
1190.33840740794	1.005185408051245
1190.6717434079396	1.006813675849403
1191.0050794079398	1.0049486921053294
1191.3384154079395	1.0065099545764038
