time	flux
23.833843824002543	0.9925712538370971
24.167179824002545	0.9968607039732983
24.500515824002548	0.9982894442542333
24.83385182400255	0.9966348877236404
25.167187824002553	0.9968758159857433
25.500523824002556	0.9973289310107959
25.83385982400256	0.9964205393135447
26.16719582400256	1.0014068165640237
26.500531824002564	1.0006567785471827
26.833867824002567	0.9973656267535154
27.16720382400257	0.9946646143878736
27.500539824002573	0.9996730479122227
27.833875824002575	1.0005154769298323
28.167211824002578	0.9952521912005787
28.50054782400258	1.0000008679466923
28.833883824002584	0.9972655578092882
29.167219824002586	0.9977747855073698
29.50055582400259	1.00194842818056
29.833891824002592	0.9966911091295292
30.167227824002595	0.9992364879531277
30.500563824002597	0.9991063819994663
30.8338998240026	0.9987414164387275
31.167235824002603	0.9990283575884518
31.500571824002606	0.9992880133316274
31.83390782400261	0.9995615806530933
32.16724382400261	0.9971693334941119
32.500579824002614	0.9940464026542051
32.83391582400262	0.997573833130174
33.16725182400262	0.9998074219247481
33.50058782400262	0.9980862793703567
33.833923824002625	1.001158235543672
34.16725982400263	1.0049760527804428
34.50059582400263	1.000073459938241
34.83393182400263	1.0013193712536979
35.167267824002636	1.0032951659043416
35.50060382400264	1.0038340265959302
35.83393982400264	1.003814658251839
36.167275824002644	1.0017153357573134
36.50061182400265	1.0014471926146336
36.83394782400265	1.003969649341426
37.16728382400265	1.0032702688631174
37.500619824002655	1.0039118027402645
37.83395582400266	0.999372730458878
38.16729182400266	1.0039460919498269
38.50062782400266	1.0019427375020868
38.833963824002666	1.0047319469879326
39.16729982400267	0.9999966199380064
39.50063582400267	1.0067739057237781
39.833971824002674	1.001901001903942
40.16730782400268	1.0040452040987113
40.50064382400268	1.0055171007088783
40.83397982400268	1.0030678547603777
41.167315824002685	1.0040767873782013
41.50065182400269	1.0043984991673796
41.83398782400269	1.0054559614712546
42.16732382400269	1.0042940536884701
42.500659824002696	1.0043933090341917
42.8339958240027	1.0060416853365968
43.1673318240027	1.0044507213408114
43.500667824002704	1.0065046487132543
43.83400382400271	1.0022861326546884
44.16733982400271	1.0053970519987958
44.50067582400271	1.0068687225648028
44.834011824002715	1.00587607913736
45.16734782400272	1.0072249412867786
45.50068382400272	1.0074875876475378
45.83401982400272	1.0056753537530956
46.167355824002726	1.0067163850854162
46.50069182400273	1.0060118397510929
46.83402782400273	1.0072402909135494
47.167363824002734	1.0048664072808162
47.50069982400274	1.0038666054354883
47.83403582400274	1.0063795847301646
48.16737182400274	1.0082026009836784
48.500707824002745	1.0027674525432464
48.83404382400275	1.0068982586657653
49.16737982400275	1.0100364487096452
49.500715824002754	1.005692013687851
49.834051824002756	1.0084378378269006
50.16738782400276	1.0059761036111803
50.50072382400276	1.0102104045111666
50.834059824002765	1.0072180780312747
51.16739582400277	1.0070238901247284
51.50073182400277	1.0082654260533612
51.83406782400277	1.0088585751724197
52.167403824002776	1.0091211085665965
52.50073982400278	1.004899679784438
52.83407582400278	1.0094311821132909
53.167411824002784	1.0101325876487985
53.50074782400279	1.0097785754388255
53.83408382400279	1.0076607270057245
54.16741982400279	1.01012075730518
54.500755824002795	1.010349024504079
54.8340918240028	1.0110886641489836
55.1674278240028	1.0108214456447306
55.5007638240028	1.0110931259616072
55.834099824002806	1.0111031554030991
56.16743582400281	1.0127130873748267
56.50077182400281	1.012407630501275
56.834107824002814	1.0121806315971884
57.16744382400282	1.0138215540313706
57.50077982400282	1.015275451277506
57.83411582400282	1.013325755993505
58.167451824002825	1.0145865103551472
58.50078782400283	1.0106710039245181
58.83412382400283	1.0141672835206856
59.16745982400283	1.0155510105484185
59.500795824002836	1.0159508981243373
59.83413182400284	1.016178421844927
60.16746782400284	1.0136519490040923
60.500803824002844	1.0182796085454866
60.83413982400285	1.0166607902228524
61.16747582400285	1.0182631915897205
61.50081182400285	1.0168973829987011
61.834147824002855	1.0196710316698105
62.16748382400286	1.0187015716467802
62.50081982400286	1.0198008648201726
62.83415582400286	1.0201000069326724
63.167491824002866	1.0218643119437922
63.50082782400287	1.0208883905566335
63.83416382400287	1.0210243357384208
64.16749982400287	1.022909843892702
64.50083582400288	1.0230765777286306
64.83417182400288	1.0229033213693768
65.16750782400288	1.0237989094906559
65.50084382400289	1.0258038919690387
65.83417982400289	1.0238885904956345
66.16751582400289	1.0250016334875394
66.5008518240029	1.0270780207462862
66.8341878240029	1.0256922548955898
67.1675238240029	1.0293621140402167
67.5008598240029	1.0261594909708762
67.8341958240029	1.0285634878449783
68.16753182400291	1.0270561024939626
68.50086782400291	1.027869502899536
68.83420382400291	1.0273382085697564
69.16753982400292	1.0284986829531009
69.50087582400292	1.0276790409402765
69.83421182400292	1.0304778030177701
70.16754782400292	1.0296504130043906
70.50088382400293	1.0285417310720193
70.83421982400293	1.0291191815956229
71.16755582400293	1.0275990506924606
71.50089182400293	1.0302520383428049
71.83422782400294	1.029637473653629
72.16756382400294	1.0277913812791104
72.50089982400294	1.0295488597374138
72.83423582400295	1.0279357210364222
73.16757182400295	1.0280111614894665
73.50090782400295	1.0278493357339142
73.83424382400295	1.029620740115974
74.16757982400296	1.026280264331933
74.50091582400296	1.0248631761054754
74.83425182400296	1.0267063160633603
75.16758782400296	1.0248112312051265
75.50092382400297	1.0259552506005762
75.83425982400297	1.025461852684302
76.16759582400297	1.0238998426107933
76.50093182400298	1.0250823945628242
76.83426782400298	1.0229208704003157
77.16760382400298	1.022884964747096
77.50093982400298	1.0208779731497981
77.83427582400299	1.0226486850802359
78.16761182400299	1.021626062431021
78.50094782400299	1.0104492722694178
78.834283824003	1.0141253271383968
79.167619824003	1.0219460899808448
79.500955824003	1.018303564723225
79.834291824003	1.01821749425344
80.167627824003	1.0202093099856446
80.50096382400301	1.0153584579689632
80.83429982400301	1.0131424671860336
81.16763582400301	1.011637163696363
81.50097182400302	1.0105227799218524
81.83430782400302	1.0107533644995672
82.16764382400302	1.010150956321922
82.50097982400302	1.0102708126667337
82.83431582400303	1.0075337321358937
83.16765182400303	1.00580978244168
83.50098782400303	1.003731199156722
83.83432382400304	1.0030831079559823
84.16765982400304	1.004196740351841
84.50099582400304	1.0035883894951736
84.83433182400304	1.0026980272277108
85.16766782400305	1.0024717491969202
85.50100382400305	0.999176948145224
85.83433982400305	1.0003588316216085
86.16767582400306	0.998841961046605
86.50101182400306	0.9993891839145341
86.83434782400306	0.9953857246754707
87.16768382400306	0.9986606554654057
87.50101982400307	0.9988236922483706
87.83435582400307	0.9942757683875639
88.16769182400307	0.9931865701402831
88.50102782400307	0.9950198064719414
88.83436382400308	0.9934988022240665
89.16769982400308	0.9903793079845431
89.50103582400308	0.9913594721974747
89.83437182400309	0.9897654875508421
90.16770782400309	0.9914763256589996
90.50104382400309	0.9931419529215911
90.8343798240031	0.9872155770531621
91.1677158240031	0.993079885989012
91.5010518240031	0.9883776678350709
91.8343878240031	0.9878387105087728
92.1677238240031	0.9867709126617518
92.50105982400311	0.9898438968824604
92.83439582400311	0.9864783345096236
93.16773182400311	0.9868773532347435
93.50106782400312	0.9857143800445209
93.83440382400312	0.9885088040696447
94.16773982400312	0.985150581352448
94.50107582400312	0.9862915348020005
94.83441182400313	0.9855369149159164
95.16774782400313	0.9868813363562099
95.50108382400313	0.9852220653356245
95.83441982400313	0.986582323043703
96.16775582400314	0.9842083903939222
96.50109182400314	0.9862167114016607
96.83442782400314	0.9869054402933375
97.16776382400315	0.9854862326182423
97.50109982400315	0.9946214739342587
97.83443582400315	0.9826564027060176
98.16777182400315	0.9877411398469299
98.50110782400316	0.985512879249631
98.83444382400316	0.987390920969985
99.16777982400316	0.9864505186607018
99.50111582400316	0.988077929771599
99.83445182400317	0.9865133530891159
100.16778782400317	0.9891297000053575
100.50112382400317	0.9874667746599419
100.83445982400318	0.9889850376236408
101.16779582400318	0.984905184420235
101.50113182400318	0.9851945215802689
101.83446782400318	0.9876382072659351
102.16780382400319	0.9895946918207442
102.50113982400319	0.9832123589400104
102.83447582400319	0.9883541031969476
103.1678118240032	0.9933254520245617
103.5011478240032	0.9888217800202391
103.8344838240032	0.99226468328931
104.1678198240032	0.9900502519560315
104.5011558240032	0.9916963217907389
104.83449182400321	0.9918121253238107
105.16782782400321	0.9928540302655627
105.50116382400321	0.991182569011666
105.83449982400322	0.9924487903259279
106.16783582400322	0.9931964772734899
106.50117182400322	0.9935692637013116
106.83450782400323	0.994516818899421
107.16784382400323	0.9932475096015534
107.50117982400323	0.9986148540988776
107.83451582400323	0.9971299856336484
108.16785182400324	0.9949413680804613
108.50118782400324	0.9940710871734346
108.83452382400324	0.995169350137547
109.16785982400324	0.9932348835910714
109.50119582400325	0.996004244984309
109.83453182400325	0.9945688536514691
110.16786782400325	0.9960695151826084
110.50120382400326	0.9944065853494717
110.83453982400326	0.9949626432613977
111.16787582400326	0.9930843648472922
111.50121182400326	0.9920734377017064
111.83454782400327	0.9966333887433722
112.16788382400327	0.997757881867061
112.50121982400327	0.9919543425416977
112.83455582400327	0.9968446788257229
113.16789182400328	0.9974105556728035
113.50122782400328	0.9949635168544069
113.83456382400328	0.9956498246915313
114.16789982400329	0.995641631032789
114.50123582400329	0.9974899380766782
114.83457182400329	0.9962021275188383
115.1679078240033	0.9975055992378131
115.5012438240033	0.995387945221744
115.8345798240033	0.9970618409703395
116.1679158240033	0.9980502144089007
116.5012518240033	0.997139850462571
116.83458782400331	0.9970226343393868
117.16792382400331	0.9985259592672718
117.50125982400331	0.9958899986432757
117.83459582400332	0.9975736224659885
118.16793182400332	0.9986874406638397
118.50126782400332	1.0004103656563739
118.83460382400332	0.9984029754789552
119.16793982400333	0.9972817342191593
119.50127582400333	0.997306117874985
119.83461182400333	0.9992455398981429
120.16794782400333	0.9973341861997544
120.50128382400334	0.9986001350713226
120.83461982400334	0.9974217777440174
121.16795582400334	0.9964543543205808
121.50129182400335	0.9995030368629765
121.83462782400335	0.9979504685567608
122.16796382400335	0.9999684901718495
122.50129982400335	1.0004264187877916
122.83463582400336	0.9981545778241964
123.16797182400336	0.9987550513069324
123.50130782400336	0.9990208858791056
123.83464382400336	0.994591408510715
124.16797982400337	1.0001461465747763
124.50131582400337	0.9996146380764633
124.83465182400337	0.9995820290239977
125.16798782400338	0.9985656572201977
125.50132382400338	0.9976097767671284
125.83465982400338	0.9979013894055969
126.16799582400338	1.000480771133612
126.50133182400339	0.9982642746824842
126.83466782400339	1.0021271513668493
127.16800382400339	0.9993410854084352
127.5013398240034	1.005115144475329
127.8346758240034	1.0007642005173019
128.1680118240034	1.0030522336950518
128.5013478240034	1.0003848908447261
128.8346838240034	0.9994536708459463
129.1680198240034	1.0059190330609
129.5013558240034	1.0000463558899249
129.83469182400341	1.0018280932379224
130.16802782400342	1.0023206427147517
130.50136382400342	1.000028658243088
130.83469982400342	1.001505400492575
131.16803582400343	1.003495375430365
131.50137182400343	1.0036620917417016
131.83470782400343	1.0012576042809262
132.16804382400343	1.0049519137260112
132.50137982400344	1.0038245425663626
132.83471582400344	1.00085494303392
133.16805182400344	1.0030294708874241
133.50138782400344	1.003636602605728
133.83472382400345	1.0024210316995574
134.16805982400345	1.0038829558119808
134.50139582400345	1.0020555594400269
134.83473182400346	0.9994972331213131
135.16806782400346	1.0027827572037393
135.50140382400346	1.0029164761148501
135.83473982400346	1.0011418495065585
136.16807582400347	1.0007274362975767
136.50141182400347	1.0005806461257645
136.83474782400347	1.00190229655231
137.16808382400347	1.0009446892564489
137.50141982400348	1.0029018347767331
137.83475582400348	0.9977236006969673
138.16809182400348	1.003356471175706
138.50142782400349	0.9931052962830086
138.8347638240035	1.0010257343934152
139.1680998240035	1.0055813520651515
139.5014358240035	0.9992986815113968
139.8347718240035	1.000875153022718
140.1681078240035	0.9987627728876648
140.5014438240035	0.9986574036371191
140.8347798240035	0.9994044499671546
141.1681158240035	0.9991534043913441
141.5014518240035	0.9986708536376283
141.8347878240035	0.9980446778695051
142.16812382400352	0.998755503988087
142.50145982400352	0.9989451514929253
142.83479582400352	0.9939563089865192
143.16813182400352	0.9993265848869715
143.50146782400353	0.9960388173535996
143.83480382400353	0.9973075096044927
144.16813982400353	1.000217572110651
144.50147582400353	0.9936878713221925
144.83481182400354	0.996069960517964
145.16814782400354	0.9989051076254145
145.50148382400354	0.9970229504683507
145.83481982400355	0.9959533398243804
146.16815582400355	0.9968905165292454
146.50149182400355	0.9989981705286276
146.83482782400355	0.9949300712766651
147.16816382400356	0.9951238010656692
147.50149982400356	0.9959243545402949
147.83483582400356	0.9947910026605307
148.16817182400357	0.9948008263029012
148.50150782400357	0.9963609813975434
148.83484382400357	0.9944649469476606
149.16817982400357	0.9955619008312833
149.50151582400358	0.9963880793467478
149.83485182400358	0.9981123537972524
150.16818782400358	0.9960120414293256
150.50152382400358	0.9960900964972466
150.8348598240036	0.995699226011547
151.1681958240036	0.9970853939848044
151.5015318240036	0.9977573059306708
151.8348678240036	0.9954335476182276
152.1682038240036	1.000435335117686
152.5015398240036	0.9980478904571813
152.8348758240036	0.9962097797069933
153.1682118240036	0.998097795088981
153.5015478240036	0.9993979560293313
153.8348838240036	0.9968618732145174
154.16821982400361	0.9999145100744324
154.50155582400362	0.996037798796467
154.83489182400362	0.9995444508367698
155.16822782400362	1.0009232641983599
155.50156382400363	0.9994284595118268
155.83489982400363	1.0040458313431075
156.16823582400363	1.0044448551291223
156.50157182400363	1.0010040082797407
156.83490782400364	1.0042343773888334
157.16824382400364	1.0015168488264987
157.50157982400364	1.0027802727244
157.83491582400364	1.0048502479647776
158.16825182400365	1.005445800539002
158.50158782400365	1.0035712724156827
158.83492382400365	1.0058603502112107
159.16825982400366	1.0096974801597185
159.50159582400366	1.0060692788403685
159.83493182400366	1.0062467135304696
160.16826782400366	1.0073876550406178
160.50160382400367	1.0087694344498404
160.83493982400367	1.0073374648729325
161.16827582400367	1.0092220339595959
161.50161182400367	1.0085959298088276
161.83494782400368	1.0090682655300394
162.16828382400368	1.0121120391663254
162.50161982400368	1.0103139408583155
162.83495582400369	1.009962830891873
163.1682918240037	1.0133814835983723
163.5016278240037	1.0117677038904676
163.8349638240037	1.0096213238204488
164.1682998240037	1.0130349933612421
164.5016358240037	1.0115887821778722
164.8349718240037	1.011160819978317
165.1683078240037	1.0130872869300958
165.5016438240037	1.0119837256877489
165.8349798240037	1.012952590474968
166.1683158240037	1.0131193019724711
166.50165182400372	1.0164005577883264
166.83498782400372	1.0102443472280482
167.16832382400372	1.0132984108766454
167.50165982400372	1.0125915676440975
167.83499582400373	1.0130723962526327
168.16833182400373	1.0128443106223288
168.50166782400373	1.0126769064871988
168.83500382400373	1.0129477272501377
169.16833982400374	1.012496315409706
169.50167582400374	1.0111419626524178
169.83501182400374	1.0123253686207354
170.16834782400375	1.0095957518960421
170.50168382400375	1.0131808881871243
170.83501982400375	1.0113788531574506
171.16835582400375	1.0094604666170153
171.50169182400376	1.0098161994989925
171.83502782400376	1.0099129480931777
172.16836382400376	1.0094822714647669
172.50169982400377	1.009117965881192
172.83503582400377	1.0089228412135098
173.16837182400377	1.0089575969118605
173.50170782400377	1.0072472702379307
173.83504382400378	1.0064254605404206
174.16837982400378	1.0061757842701813
174.50171582400378	1.0050477450179272
174.83505182400378	1.0037423498425764
175.1683878240038	1.0028768407796185
175.5017238240038	1.0022604024210926
175.8350598240038	1.0024918524486313
176.1683958240038	1.0006764546428868
176.5017318240038	1.002552071817517
176.8350678240038	1.0020044306857958
177.1684038240038	1.000580165541998
177.5017398240038	1.0012059733711585
177.8350758240038	0.9987249811597195
178.1684118240038	1.0026368709778997
178.50174782400381	0.9980074574330484
178.83508382400382	1.000307067870887
179.16841982400382	0.9991419207400047
179.50175582400382	0.9949981310053498
179.83509182400383	0.9959238090314322
180.16842782400383	0.9931380542340272
180.50176382400383	0.9939381017066072
180.83509982400383	0.9957483348514748
181.16843582400384	0.9929363916868136
181.50177182400384	0.9930823612520572
181.83510782400384	0.9924115392545164
182.16844382400384	0.9910821789356026
182.50177982400385	0.9915872177783713
182.83511582400385	0.9897869609997422
183.16845182400385	0.9903067730511971
183.50178782400386	0.992645323997345
183.83512382400386	0.9889952440888728
184.16845982400386	0.9924501794859014
184.50179582400386	0.9934345680639504
184.83513182400387	0.9905081257130391
185.16846782400387	0.9899206409846744
185.50180382400387	0.9875277344989213
185.83513982400387	0.9919271095343869
186.16847582400388	0.9843324515034966
186.50181182400388	0.9951506257089996
186.83514782400388	0.9882596513269036
187.16848382400389	0.9903881160384337
187.5018198240039	0.9907386757417369
187.8351558240039	0.9916712666565565
188.1684918240039	0.9878765102050334
188.5018278240039	0.9858026639298351
188.8351638240039	0.9926676037354967
189.1684998240039	0.9886961533568441
189.5018358240039	0.9887402400952993
189.8351718240039	0.9904947007784912
190.1685078240039	0.9864470854882836
190.5018438240039	0.9881305343797001
190.83517982400392	0.9932447297720459
191.16851582400392	0.9866389472792295
191.50185182400392	1.0006463081615702
191.83518782400392	0.9913849875522812
192.16852382400393	0.9920822011104843
192.50185982400393	0.9948505476145834
192.83519582400393	0.9907522969216075
193.16853182400394	0.9925937640145291
193.50186782400394	0.9934764241794795
193.83520382400394	0.9907874885695922
194.16853982400394	0.9915045898158862
194.50187582400395	0.994350916790934
194.83521182400395	0.9956029651184729
195.16854782400395	0.992261955578478
195.50188382400395	0.9940569645412352
195.83521982400396	0.9915630438782222
196.16855582400396	1.0030277556181624
196.50189182400396	0.992737145468762
196.83522782400397	0.9911335785060116
197.16856382400397	0.9935104508817463
197.50189982400397	0.9952656402316734
197.83523582400397	0.9983212979318723
198.16857182400398	0.99446681558586
198.50190782400398	0.9963736702169114
198.83524382400398	0.9927895614330373
199.16857982400398	0.9951099507234455
199.501915824004	0.9959947439041561
199.835251824004	0.9960860422987129
200.168587824004	0.9949063631005018
200.501923824004	0.994572070047714
200.835259824004	0.9955261077364183
201.168595824004	0.9969800853677523
201.501931824004	0.9923898222529319
201.835267824004	0.996394283774742
202.168603824004	0.9941865809414034
202.501939824004	0.9950009711506875
202.83527582400401	0.9962639315347648
203.16861182400402	0.9945991621557482
203.50194782400402	0.9916635497818457
203.83528382400402	0.9954005741383578
204.16861982400403	0.9921393483512638
204.50195582400403	0.9950649948039749
204.83529182400403	0.9908940540022156
205.16862782400403	0.9959435264856826
205.50196382400404	0.9906102180519587
205.83529982400404	0.9950550503784378
206.16863582400404	0.9915555949841217
206.50197182400404	0.9891675823741136
206.83530782400405	0.9902881388523791
207.16864382400405	0.9914134126879767
207.50197982400405	0.9913478825094391
207.83531582400406	0.9919634162771481
208.16865182400406	0.9903226491954268
208.50198782400406	0.9901750884727859
208.83532382400406	0.9914457753659474
209.16865982400407	0.9881484488922556
209.50199582400407	0.9874846771760186
209.83533182400407	0.9878396965139964
210.16866782400407	0.9863387321153168
210.50200382400408	0.9889408625606579
210.83533982400408	0.9866709220398122
211.16867582400408	0.9854158685238034
211.5020118240041	0.9860841306222617
211.8353478240041	0.9860033045402351
212.1686838240041	0.9846687318525819
212.5020198240041	0.9831389030448296
212.8353558240041	0.9848607688014419
213.1686918240041	0.9839168776713202
213.5020278240041	0.9817110085136217
213.8353638240041	0.982242399592371
214.1686998240041	0.9839039982485646
214.5020358240041	0.9834442131220478
214.8353718240041	0.9815446237991664
215.16870782400412	0.9837424558810296
215.50204382400412	0.9827369577764032
215.83537982400412	0.9835606916180388
216.16871582400412	0.9830180627670999
216.50205182400413	0.980302596522431
216.83538782400413	0.9812171599060658
217.16872382400413	0.9838198393147752
217.50205982400414	0.9805666328140916
217.83539582400414	0.9842666472929986
218.16873182400414	0.9795571438558018
218.50206782400414	0.9835172254057569
218.83540382400415	0.9816367685191844
219.16873982400415	0.9819316764688762
219.50207582400415	0.9815049141710607
219.83541182400415	0.9860923558904462
220.16874782400416	0.9836239293810946
220.50208382400416	0.9843281172603702
220.83541982400416	0.9865230833220192
221.16875582400417	0.9831657624549812
221.50209182400417	0.9876665103463883
221.83542782400417	0.9860439712926604
222.16876382400417	0.9856241185036398
222.50209982400418	0.9846866783390897
222.83543582400418	0.9871557012130594
223.16877182400418	0.9867709929894062
223.50210782400418	0.9882360562033765
223.8354438240042	0.9871028179784709
224.1687798240042	0.9867957533338056
224.5021158240042	0.9882106899309627
224.8354518240042	0.9863932031286291
225.1687878240042	0.9908783299785447
225.5021238240042	0.9914466284725493
225.8354598240042	0.988008182407413
226.1687958240042	0.9884592319570089
226.5021318240042	0.9891067454450018
226.8354678240042	0.9902193281890963
227.16880382400421	0.9916503888285811
227.50213982400422	0.9895054828381888
227.83547582400422	0.9914671055717251
228.16881182400422	0.987980457129283
228.50214782400423	0.9946382211804663
228.83548382400423	0.9935044559436741
229.16881982400423	0.9918107076432577
229.50215582400423	0.9941800006067488
229.83549182400424	0.9947384970242611
230.16882782400424	0.992021452548252
230.50216382400424	0.9962380536380604
230.83549982400424	0.9965955160424378
231.16883582400425	0.9951891974496702
231.50217182400425	0.9953719402601758
231.83550782400425	0.9962777494465044
232.16884382400426	0.9956616520926429
232.50217982400426	0.9942184714925701
232.83551582400426	0.9926555608496784
233.16885182400426	0.9970768156754699
233.50218782400427	0.9980414037707567
233.83552382400427	0.997377703196045
234.16885982400427	0.9971005909282281
234.50219582400427	0.9981657905419118
234.83553182400428	0.9975534670183748
235.16886782400428	0.9993087280695772
235.50220382400428	0.9954658729760351
235.8355398240043	0.9969166166066137
236.1688758240043	0.9977431412767321
236.5022118240043	0.9982989508870662
236.8355478240043	0.9971949324323509
237.1688838240043	0.9953229481740972
237.5022198240043	1.0006429979969416
237.8355558240043	0.9958599837807836
238.1688918240043	0.9984335292719061
238.5022278240043	0.9979782309632175
238.8355638240043	0.9993937926958598
239.1688998240043	1.0016362856653476
239.50223582400432	0.9981595816362379
239.83557182400432	0.9983217244577166
240.16890782400432	0.9977583225052655
240.50224382400432	0.998475066136679
240.83557982400433	0.999639620064812
241.16891582400433	0.996817468318553
241.50225182400433	0.9992957269957128
241.83558782400434	0.9977965548251314
242.16892382400434	0.9987201400524364
242.50225982400434	0.9950338785045514
242.83559582400434	0.9917806854239433
316.6714173839973	1.0135485826852886
317.00475338399735	0.9980517585929385
317.3380893839974	1.0015826712804652
317.6714253839974	1.0015677808352212
318.00476138399745	1.003023197016691
318.3380973839975	0.998939797720171
318.6714333839975	1.0017533835023418
319.00476938399754	0.9960003630070847
319.3381053839976	0.996848111543039
319.6714413839976	0.9996340862050773
320.00477738399763	1.0011806101100362
320.33811338399767	0.9943747892592609
320.6714493839977	0.9992720080897844
321.0047853839977	1.0011169177970685
321.33812138399776	0.9983403331327065
321.6714573839978	1.0006818654595577
322.0047933839978	0.9961645816889658
322.33812938399785	1.0011887415128742
322.6714653839979	0.9955024253262204
323.0048013839979	1.0002991355414943
323.33813738399795	0.9978385810706822
323.671473383998	0.9953915729252472
324.004809383998	0.996509276459444
324.33814538399804	0.9993734045870386
324.67148138399807	0.9985639451335884
325.0048173839981	0.9960066936628842
325.33815338399813	0.9992673775778709
325.67148938399816	0.9988494742123536
326.0048253839982	0.99676429521825
326.3381613839982	0.9970061769433525
326.67149738399826	0.9969387233490172
327.0048333839983	0.9980628499684037
327.3381693839983	0.9957285198535554
327.67150538399835	0.9979356575433304
328.0048413839984	0.9989625365772723
328.3381773839984	1.0021215091071818
328.67151338399844	1.0000674706590198
329.0048493839985	1.0007672774749208
329.3381853839985	0.997913424076496
329.67152138399854	1.0010445900268214
330.00485738399857	0.9996326514961037
330.3381933839986	1.0020625278936421
330.67152938399863	0.9994670605647261
331.00486538399866	0.9991563790141191
331.3382013839987	0.9986150635420667
331.6715373839987	1.0022578165211284
332.00487338399876	1.000748669062036
332.3382093839988	0.9994089863069783
332.6715453839988	0.9988122836145293
333.00488138399885	1.0016154384916054
333.3382173839989	1.0014133581413547
333.6715533839989	1.0028197036329392
334.00488938399894	1.0020931648047753
334.338225383999	1.0047037211483638
334.671561383999	1.0010436511561498
335.00489738399904	1.0032697589223936
335.33823338399907	1.0043797191699961
335.6715693839991	1.006521836342088
336.00490538399913	1.003411142328325
336.33824138399916	1.0054247678158545
336.6715773839992	1.0051424966932525
337.0049133839992	1.0055794011687063
337.33824938399925	1.0076869527936592
337.6715853839993	1.0069057442701892
338.0049213839993	1.007404556330802
338.33825738399935	1.0118247827256246
338.6715933839994	1.0052119484601705
339.0049293839994	1.008623516776837
339.33826538399944	1.0078325745868222
339.6716013839995	1.0085720565138936
340.0049373839995	1.0059054750037624
340.33827338399954	1.010076313259435
340.67160938399957	1.0107286951662162
341.0049453839996	1.011507675948746
341.33828138399963	1.00973632909904
341.67161738399966	1.0132582563545784
342.0049533839997	1.0111561694418736
342.3382893839997	1.011509476199897
342.67162538399975	1.0115615806767058
343.0049613839998	1.0140533092593824
343.3382973839998	1.0122692189144045
343.67163338399985	1.0127387469889046
344.0049693839999	1.0137536177491453
344.3383053839999	1.0147949979760167
344.67164138399994	1.013159794071463
345.004977384	1.0136356064393275
345.338313384	1.0161149922411132
345.67164938400003	1.0131257281000485
346.00498538400007	1.0137511307265659
346.3383213840001	1.0179278723964398
346.6716573840001	1.014704619076384
347.00499338400016	1.017981819141865
347.3383293840002	1.0161991283569605
347.6716653840002	1.0147109319905336
348.00500138400025	1.0172633003086813
348.3383373840003	1.0150023811698552
348.6716733840003	1.0163584228459497
349.00500938400035	1.0158420278074856
349.3383453840004	1.014766195635993
349.6716813840004	1.0108787313609695
350.00501738400044	1.017802343996523
350.33835338400047	1.0138756662955233
350.6716893840005	1.0177849317117817
351.00502538400053	1.0139558324495193
351.33836138400056	1.0156778820489856
351.6716973840006	1.0159353977913281
352.0050333840006	1.013857640199441
352.33836938400066	1.0132787431873986
352.6717053840007	1.013211425557717
353.0050413840007	1.011902542355362
353.33837738400075	1.0119794168231142
353.6717133840008	1.011480079235483
354.0050493840008	1.0124090190953936
354.33838538400084	1.0127057920342446
354.6717213840009	1.012242120301282
355.0050573840009	1.0103192134747871
355.33839338400094	1.0102585115614355
355.67172938400097	1.0095991384419314
356.005065384001	1.0094067072672508
356.33840138400103	1.0094353674285785
356.67173738400106	1.0072860882015167
357.0050733840011	1.0087458303299806
357.3384093840011	1.0103324513376188
357.67174538400116	1.006811294528242
358.0050813840012	1.006099993708386
358.3384173840012	1.007298996062439
358.67175338400125	1.0060624072213928
359.0050893840013	1.0040797544300817
359.3384253840013	1.0069739926609966
359.67176138400134	1.007400840861006
360.0050973840014	1.00502633686943
360.3384333840014	1.0038001974107802
360.67176938400144	1.0062025718062637
361.00510538400147	1.0032120277320113
361.3384413840015	1.00240517965145
361.67177738400153	1.004772352625722
362.00511338400156	1.0005156514129216
362.3384493840016	1.0032369927238347
362.6717853840016	1.002135936533154
363.00512138400165	0.9994396756762196
363.3384573840017	0.9989340282738756
363.6717933840017	0.9994909288872575
364.00512938400175	1.0021333112130386
364.3384653840018	0.9997358868344605
364.6718013840018	0.9995644907891575
365.00513738400184	1.0001027020473883
365.3384733840019	1.0001062753835415
365.6718093840019	0.9993777976492635
366.00514538400193	1.0016675975494245
366.33848138400197	0.9950239059680225
366.671817384002	1.0003899706112165
367.005153384002	1.0004787108408102
367.33848938400206	0.9982957001414988
367.6718253840021	1.0007597954089036
368.0051613840021	0.9995180999952652
368.33849738400215	1.0009950993244556
368.6718333840022	0.9987998393553308
369.0051693840022	1.000960924111394
369.33850538400225	0.9994216283383016
369.6718413840023	1.0010238929217137
370.0051773840023	0.9970742110343658
370.33851338400234	0.9991253442193879
370.67184938400237	1.0009598514521916
371.0051853840024	0.9999620483763122
371.33852138400243	1.0003152908636648
371.67185738400246	1.0009421272221255
372.0051933840025	1.0028076430523907
372.3385293840025	0.9998687291886369
372.67186538400256	1.0004517399525825
373.0052013840026	1.0050329798683935
373.3385373840026	1.002234664609116
373.67187338400265	1.0022586955172996
374.0052093840027	1.0020960626168705
374.3385453840027	1.0024307326393094
374.67188138400275	1.0017246222994833
375.0052173840028	1.0026244997744131
375.3385533840028	1.0036565139774405
375.67188938400284	1.0012850415878298
376.00522538400287	1.003789118931004
376.3385613840029	1.0020979313975915
376.67189738400293	1.00752623676453
377.00523338400296	1.0044941315711755
377.338569384003	1.0034791493539723
377.671905384003	1.0012240196042408
378.00524138400306	0.99808231044459
378.3385773840031	1.0053350705140465
378.6719133840031	1.004484885501987
379.00524938400315	1.0032081579178243
379.3385853840032	1.0021708120509567
379.6719213840032	1.001258216488423
380.00525738400324	1.0018113265331485
380.3385933840033	1.0040873201324119
380.6719293840033	1.005813570498972
381.00526538400334	1.0025902598002738
381.33860138400337	1.0054369230544986
381.6719373840034	1.0023941116726638
382.00527338400343	0.9992608918308334
382.33860938400346	1.000239450452522
382.6719453840035	0.9995150177711211
383.0052813840035	0.9989416595523608
383.33861738400356	0.9987059184857843
383.6719533840036	0.9982185423292241
384.0052893840036	0.9968327434246007
384.33862538400365	0.9965830784387226
384.6719613840037	0.9987946158320948
385.0052973840037	0.9953268614851938
385.33863338400374	0.9980594634481628
385.6719693840038	0.9922729867242529
386.0053053840038	0.9929963375334253
386.33864138400384	0.9940320400167646
386.67197738400387	0.993399123990112
387.0053133840039	0.9927344197976333
387.33864938400393	0.9908813796015661
387.67198538400396	0.9929286559672431
388.005321384004	0.9910077213920162
388.338657384004	0.99001397455425
388.67199338400405	0.9890410293164755
389.0053293840041	0.9896677223613783
389.3386653840041	0.986712621411424
389.67200138400415	0.9883456820536782
390.0053373840042	0.9853561649450734
390.3386733840042	0.9874741614398491
390.67200938400424	0.9855890117345412
391.0053453840043	0.9844797512390068
391.3386813840043	0.9833191834723181
391.67201738400433	0.9802813082765554
392.00535338400437	0.983870776090834
392.3386893840044	0.9831283193416129
392.6720253840044	0.9884825012318307
393.00536138400446	0.9793163597749208
393.3386973840045	0.9824803859557081
393.6720333840045	0.9796412442739568
394.00536938400455	0.9804126123571008
394.3387053840046	0.9783865973525454
394.6720413840046	0.9809079245718021
395.00537738400465	0.9782871461867327
395.3387133840047	0.978697668139517
395.6720493840047	0.9787235418235063
396.00538538400474	0.9790649317391522
396.33872138400477	0.9792566484517078
396.6720573840048	0.9791670788149405
397.00539338400483	0.9801952189793937
397.33872938400486	0.9774229161275977
397.6720653840049	0.9803977451443102
398.0054013840049	0.9830387171730759
398.33873738400496	0.9801142708618489
398.672073384005	0.9803998330942157
399.005409384005	0.9791872340628964
399.33874538400505	0.979129575095734
399.6720813840051	0.9789579419534993
400.0054173840051	0.9816519749964236
400.33875338400514	0.9817355987165859
400.6720893840052	0.9793832431570653
401.0054253840052	0.9800209975762167
401.33876138400524	0.9825581091063015
401.67209738400527	0.9801406856223215
402.0054333840053	0.9788325453167966
402.33876938400533	0.9853269911249374
402.67210538400536	0.9828419240445059
403.0054413840054	0.986462756414652
403.3387773840054	0.984969489457709
403.67211338400546	0.986076300864847
404.0054493840055	0.9841118355518601
404.3387853840055	0.9861641231231582
404.67212138400555	0.986779537238861
405.0054573840056	0.9893733362870951
405.3387933840056	0.9894913498542498
405.67212938400564	0.9902403620267524
406.0054653840057	0.9913371051349162
406.3388013840057	0.9898957403442734
406.67213738400574	0.9925273260185636
407.00547338400577	0.9937647141971929
407.3388093840058	0.9947615979831581
407.67214538400583	0.9972173304557245
408.00548138400586	0.9963191158751857
408.3388173840059	0.9948874440162829
408.6721533840059	0.9989632670668975
409.00548938400595	0.9982890347271719
409.338825384006	1.0008858269094523
409.672161384006	0.9981081173825851
410.00549738400605	1.00070891873503
410.3388333840061	1.0018318510731128
410.6721693840061	1.002785525837265
411.00550538400614	1.003001355853869
411.3388413840062	1.0043042689523676
411.6721773840062	1.0040920388284604
412.00551338400624	1.0059477001235677
412.33884938400627	1.0030476059385671
412.6721853840063	1.0047855774221126
413.00552138400633	1.009674163734698
413.33885738400636	1.007442220288302
413.6721933840064	1.0086040941497383
414.0055293840064	1.0092511350327746
414.33886538400645	1.0077555240917453
414.6722013840065	1.0091443724622304
415.0055373840065	1.0102806668734006
415.33887338400655	1.0102822082631449
415.6722093840066	1.01164751492724
416.0055453840066	1.010312148433393
416.33888138400664	1.0110608760414308
416.6722173840067	1.0124418670138446
417.0055533840067	1.0112190439746742
417.33888938400673	1.0098226059102913
417.67222538400677	1.0134485079999738
418.0055613840068	1.011792470378686
418.3388973840068	1.0143305649484222
418.67223338400686	1.0120122745704532
419.0055693840069	1.013083045663793
419.3389053840069	1.0161235040207715
419.67224138400695	1.0123975481050185
420.005577384007	1.01530675283735
420.338913384007	1.0128808153371516
420.67224938400705	1.013672391982222
421.0055853840071	1.0135641826560413
421.3389213840071	1.017180253962389
421.67225738400714	1.0133636385408276
422.00559338400717	1.0187692624192748
422.3389293840072	1.0159040035164546
422.67226538400723	1.0144937454029352
423.00560138400726	1.014986513254858
423.3389373840073	1.0159413115096765
423.6722733840073	1.013194361729118
424.00560938400736	1.0142469654182689
424.3389453840074	1.0199962446820579
424.6722813840074	1.0122894261347903
425.00561738400745	1.0148390030319037
425.3389533840075	1.0151996833028805
425.6722893840075	1.0158918550098608
426.00562538400754	1.0143876886502456
426.3389613840076	1.015821543522492
426.6722973840076	1.0142949437945872
427.00563338400764	1.0177425832941602
427.33896938400767	1.016189249761463
427.6723053840077	1.0162073410879016
428.00564138400773	1.0161478409004412
428.33897738400776	1.016857587844744
428.6723133840078	1.0145045490414566
429.0056493840078	1.0146183009130083
429.33898538400786	1.013534102851435
429.6723213840079	1.0160456196577436
430.0056573840079	1.0164667744886062
430.33899338400795	1.0150532950618618
430.672329384008	1.0165309202785437
431.005665384008	1.0183106748316288
431.33900138400804	1.0175923307828898
431.6723373840081	1.0109817764226647
432.0056733840081	1.0199431044308418
432.33900938400814	1.017044777051352
432.67234538400817	1.0178647733508728
433.0056813840082	1.0189229644212268
433.33901738400823	1.0171053595434232
433.67235338400826	1.0187570296210675
434.0056893840083	1.0201223163119264
434.3390253840083	1.0187191339733315
434.67236138400835	1.0172354899937406
435.0056973840084	1.0198733898241676
435.3390333840084	1.0195251165941406
435.67236938400845	1.0205189977088815
436.0057053840085	1.0205830241413278
436.3390413840085	1.02051900889882
436.67237738400854	1.0202705900601035
437.0057133840086	1.0174857501636783
437.3390493840086	1.0206536115771478
437.67238538400863	1.0208363830174563
438.00572138400867	1.0228357547406033
438.3390573840087	1.0254944391105099
438.6723933840087	1.017631498179083
439.00572938400876	1.0244889590926536
439.3390653840088	1.0185094528634993
439.6724013840088	1.0229775182212484
440.00573738400885	1.022620702701947
440.3390733840089	1.0230764850423064
440.6724093840089	1.0234540559128111
441.00574538400895	1.0217569688827575
441.339081384009	1.0229494277766076
441.672417384009	1.021618796257997
442.00575338400904	1.0172282691073948
442.33908938400907	1.0241655078614598
442.6724253840091	1.0223610339943079
443.00576138400913	1.0226260969717005
443.33909738400916	1.0186090388094566
443.6724333840092	1.0206934955604572
444.0057693840092	1.0213310987646225
444.33910538400926	1.021497282732929
444.6724413840093	1.0198338644547522
445.0057773840093	1.0215332025416644
445.33911338400935	1.0196371332137688
445.6724493840094	1.021142009085035
446.0057853840094	1.0180444424610453
446.33912138400945	1.0159111224519086
446.6724573840095	1.0198077777596917
447.0057933840095	1.0179433294688256
447.33912938400954	1.0170941498386787
447.67246538400957	1.0170826128340913
448.0058013840096	1.0149857351334979
448.33913738400963	1.0149346256041138
448.67247338400966	1.0143843183358943
449.0058093840097	1.0102930470248677
449.3391453840097	1.0134874929204378
449.67248138400976	1.011087730999376
450.0058173840098	1.0131492641901325
450.3391533840098	1.0149422892005129
450.67248938400985	1.0087897725249564
451.0058253840099	1.0101252047943432
451.3391613840099	1.0083431526186675
451.67249738400994	1.0066532015109855
452.00583338401	1.008599928710438
452.33916938401	1.0076295734770442
452.67250538401004	1.002630648543267
453.00584138401007	1.0048905013396214
453.3391773840101	1.0020910171261865
453.67251338401013	1.0037358833620553
454.00584938401016	1.000039583761674
454.3391853840102	0.9976438887015195
454.6725213840102	1.0004961158090695
455.00585738401026	0.9969804129737265
455.3391933840103	0.9997476537212644
455.6725293840103	0.9968141169368205
456.00586538401035	0.9978179066298993
456.3392013840104	0.9952803279142861
456.6725373840104	0.9968458357967105
457.00587338401044	0.9927894878623744
457.3392093840105	0.993730618455084
457.6725453840105	0.988022430843869
458.00588138401054	0.9903074004055117
458.33921738401057	0.9904248469191039
458.6725533840106	0.9900685257617405
459.00588938401063	0.9910810957077855
459.33922538401066	0.9879371102859381
459.6725613840107	0.9833272018249508
460.0058973840107	0.9845679554867728
460.33923338401075	0.989580500097196
460.6725693840108	0.9824831438001861
461.0059053840108	0.9850082051207114
461.33924138401085	0.9835014874851685
461.6725773840109	0.9842699035452004
462.0059133840109	0.9811483488936333
462.33924938401094	0.9849291034626065
462.672585384011	0.9850458435498893
463.005921384011	0.9814493091495332
463.33925738401103	0.9795959457822708
463.67259338401107	0.9830299035174848
464.0059293840111	0.9795597762343257
464.3392653840111	0.9756753667422079
464.67260138401116	0.9787459629839182
465.0059373840112	0.9799824852999357
465.3392733840112	0.9789045264950162
465.67260938401125	0.9773013431410567
466.0059453840113	0.9787214373367589
466.3392813840113	0.9797349693703368
466.67261738401135	0.9772943136344314
467.0059533840114	0.9756367291380715
467.3392893840114	0.9766906876926393
467.67262538401144	0.9742336848137735
468.00596138401147	0.9769984446363956
468.3392973840115	0.980269393022755
468.67263338401153	0.9822201429070212
469.00596938401156	0.977373610157771
469.3393053840116	0.9783621651860235
469.6726413840116	0.9756805876951177
470.00597738401166	0.9777862139382725
470.3393133840117	0.9772641121963271
470.6726493840117	0.9771418053380392
471.00598538401175	0.9766334103398113
471.3393213840118	0.9782703046430543
471.6726573840118	0.978120320100984
472.00599338401184	0.9755709391169689
472.3393293840119	0.9781228011766029
472.6726653840119	0.980424194913348
473.00600138401194	0.9774961975137593
473.33933738401197	0.9797085964656507
473.672673384012	0.9773636545369163
474.00600938401203	0.9798954800361939
474.33934538401206	0.9786099936124149
474.6726813840121	0.9773469040686021
475.0060173840121	0.9810765650807881
475.33935338401216	0.9787481669867848
475.6726893840122	0.9798577016778807
476.0060253840122	0.9811923151522912
476.33936138401225	0.9804148623670363
476.6726973840123	0.9781169527598083
477.0060333840123	0.9788713565537996
477.33936938401234	0.9806039044567221
477.6727053840124	0.9831985038368325
478.0060413840124	0.980576458128269
478.33937738401244	0.9809944500598957
478.67271338401247	0.9823279824141887
479.0060493840125	0.9802294146652951
479.33938538401253	0.9831367773193076
479.67272138401256	0.9821489884967392
480.0060573840126	0.981164104394447
480.3393933840126	0.9807211195081512
480.67272938401265	0.9837576512880926
481.0060653840127	0.9846636795692859
481.3394013840127	0.9816077033463695
481.67273738401275	0.9827023636296904
482.0060733840128	0.9797312298426509
482.3394093840128	0.9838521822924547
482.67274538401284	0.9829438663946167
483.0060813840129	0.9846966943148872
483.3394173840129	0.9839590266595841
483.67275338401294	0.9868626435922694
484.00608938401297	0.9840638479684978
484.339425384013	0.985094209794076
484.67276138401303	0.9860506140960162
485.00609738401306	0.9867387452256822
485.3394333840131	0.9868110824413855
485.6727693840131	0.9864786464822359
486.00610538401315	0.9884432006594929
486.3394413840132	0.9882560310805514
486.6727773840132	0.9900444964261783
487.00611338401325	0.9866812331308396
487.3394493840133	0.988042061629997
487.6727853840133	0.9903862166564193
488.00612138401334	0.9867898678816427
488.3394573840134	0.9884151747468163
488.6727933840134	0.9922954574795907
489.00612938401343	0.9907276433763541
489.33946538401347	0.990152697920076
489.6728013840135	0.9911323876916183
490.0061373840135	0.9915693559525222
490.33947338401356	0.9934615819998225
490.6728093840136	0.9943615011216733
491.0061453840136	0.9938318616213729
491.33948138401365	0.9922842794429053
491.6728173840137	0.9929951967078366
492.0061533840137	0.9955587554908921
492.33948938401375	0.9972723768167439
492.6728253840138	0.9945538668221794
493.0061613840138	0.9961472654099165
493.33949738401384	0.9960678267257018
493.67283338401387	0.9976404012090513
494.0061693840139	0.9972008594161185
494.33950538401393	0.9978276950127732
494.67284138401396	0.9980198183556515
495.006177384014	0.9997363213149105
495.339513384014	0.9982933382384079
495.67284938401406	0.9991395462542642
496.0061853840141	0.9997409367029719
496.3395213840141	1.0006871420960421
496.67285738401415	1.0002586029256901
497.0061933840142	0.9992053191030302
497.3395293840142	1.0003816307824642
497.67286538401424	1.0045200931108307
498.0062013840143	0.9991455698558988
498.3395373840143	1.0001380723133206
498.67287338401434	1.005133331359712
499.00620938401437	1.001557590884288
499.3395453840144	1.002128056315853
499.67288138401443	1.0047958448986636
500.00621738401446	1.004777827785983
500.3395533840145	1.0080154230352278
500.6728893840145	1.0060810089960621
501.00622538401456	1.0061801680760736
501.3395613840146	1.0057444404199318
501.6728973840146	1.0061960047633507
502.00623338401465	1.0078577571169784
502.3395693840147	1.0073104269042101
502.6729053840147	1.0069605124119911
503.00624138401474	1.0078006400101327
503.3395773840148	1.0067716967687932
503.6729133840148	1.0080901263977373
504.00624938401484	1.0091232847720466
504.33958538401487	1.007711308488177
504.6729213840149	1.0085706997503405
505.00625738401493	1.0063835748577712
505.33959338401496	1.008597386794599
505.672929384015	1.008223702776121
506.006265384015	1.0108238693549216
506.33960138401505	1.0082898686956852
506.6729373840151	1.007485930287908
507.0062733840151	1.0096124319437119
507.33960938401515	1.008774455588941
507.6729453840152	1.007512916516449
508.0062813840152	1.0089899508630944
508.33961738401524	1.0083518007191268
508.6729533840153	1.0077126288209908
509.0062893840153	1.007304294103038
509.33962538401533	1.006342780495727
509.67296138401537	1.0100203356897424
510.0062973840154	1.0059187631549809
510.3396333840154	1.004962143423916
510.67296938401546	1.0066156050455208
511.0063053840155	1.006524676133905
511.3396413840155	1.0044265129113965
511.67297738401555	1.0054976747455677
512.0063133840156	1.0052601651321957
512.3396493840156	1.004928966335097
512.6729853840156	1.0045380516355367
513.0063213840157	1.0041634225357865
513.3396573840157	1.0033641858059203
513.6729933840157	1.0035765854566052
514.0063293840158	1.0019978894440085
514.3396653840158	1.002718855415071
514.6730013840158	1.004104619137098
515.0063373840159	1.0010982317797683
515.3396733840159	1.0006873205627007
515.6730093840159	1.0011850106419422
516.006345384016	1.0002461909588782
516.339681384016	1.0007489997923273
516.673017384016	0.9975829771550487
517.006353384016	0.9986149493354077
517.3396893840161	0.9958947787651321
517.6730253840161	1.000276708730539
518.0063613840161	0.9958128660388035
518.3396973840162	0.9983736023598616
518.6730333840162	0.9978316560645613
519.0063693840162	0.9970481043952463
519.3397053840163	0.9961953594257754
519.6730413840163	0.9973549959040908
520.0063773840163	0.994354957964543
520.3397133840164	0.9957446536740391
520.6730493840164	0.9953142115781958
521.0063853840164	0.9948469908598886
521.3397213840165	0.995789076310258
521.6730573840165	0.9947227269601954
522.0063933840165	0.995054652546318
522.3397293840166	0.9942770200975586
522.6730653840166	0.9934026311052003
523.0064013840166	0.9931451449507491
523.3397373840166	0.9938700438345606
523.6730733840167	0.9930802329110213
524.0064093840167	0.9941508042388418
524.3397453840167	0.995115979089284
524.6730813840168	0.9898119515489268
525.0064173840168	0.9957467009261205
525.3397533840168	0.990965359379981
525.6730893840169	0.9941219369809094
526.0064253840169	0.993936032887263
526.3397613840169	0.9927422221971774
526.673097384017	0.9923856587429706
527.006433384017	0.9917019370930764
527.339769384017	0.9928606303668268
527.673105384017	0.9909317049808312
528.0064413840171	0.9943223553864157
528.3397773840171	0.9915504560347692
528.6731133840171	0.9928745782776925
529.0064493840172	0.9925971666323008
529.3397853840172	0.9924731241298145
529.6731213840172	0.992697619254499
530.0064573840173	0.9947375096568059
530.3397933840173	0.9941929251571608
530.6731293840173	0.9959763574114789
531.0064653840174	0.9938385170879696
531.3398013840174	0.9931266873296025
531.6731373840174	0.9930142407655325
532.0064733840175	0.9923599449910204
532.3398093840175	0.9936933305777257
532.6731453840175	0.9922355654900137
533.0064813840175	0.9943075421927079
533.3398173840176	0.9940321716026262
533.6731533840176	0.9934995093909678
534.0064893840176	0.9932473714230413
534.3398253840177	0.9952894980919946
534.6731613840177	0.9926072616526473
535.0064973840177	0.9935285987678178
535.3398333840178	0.9961946465282698
535.6731693840178	0.9949611527014646
536.0065053840178	0.9945877220488278
536.3398413840179	0.9961200562988254
536.6731773840179	0.9963807310223154
537.0065133840179	0.9946717178615773
537.339849384018	0.9955539459705075
537.673185384018	0.9959307558890451
538.006521384018	0.996442474115557
538.339857384018	0.995937418180995
538.6731933840181	0.9938129888372182
539.0065293840181	0.9951032168389091
539.3398653840181	0.9975130115444208
539.6732013840182	0.9968195209281453
540.0065373840182	0.9965014255291655
540.3398733840182	0.9969934242881954
540.6732093840183	0.9979818997326668
541.0065453840183	0.9987567023456739
541.3398813840183	0.9978247034547127
541.6732173840184	0.9979823315650109
542.0065533840184	0.9980910423701832
542.3398893840184	0.9986207803131184
542.6732253840185	0.9989531802771302
543.0065613840185	0.998794342685539
543.3398973840185	0.9986113616788073
543.6732333840185	0.9996355073718736
544.0065693840186	0.9972373444440391
544.3399053840186	0.999613201190907
544.6732413840186	0.9976230008489357
545.0065773840187	0.9984648321354445
545.3399133840187	0.9998968519746019
545.6732493840187	0.9996905003698646
546.0065853840188	0.9993064361145668
546.3399213840188	1.0000536283014452
546.6732573840188	1.0007840937120076
547.0065933840189	1.000030928319504
547.3399293840189	0.9994733430380022
547.6732653840189	1.0008571686988839
548.006601384019	0.9987665416123205
548.339937384019	1.0010113153861762
548.673273384019	1.0019533943727756
549.006609384019	1.0006200817848236
549.3399453840191	1.0027590179372834
549.6732813840191	1.003233370625524
550.0066173840191	1.0016291582000412
550.3399533840192	1.0018394381487488
550.6732893840192	1.00911934040409
551.0066253840192	1.001724819714118
551.3399613840193	1.002293365013246
551.6732973840193	1.0014042777099281
552.0066333840193	1.0014492201780916
552.3399693840194	1.000977085217467
552.6733053840194	1.0021059465053024
553.0066413840194	1.0010895649485834
553.3399773840194	1.002372198276364
553.6733133840195	1.0003525461919567
554.0066493840195	1.0018019135463538
554.3399853840195	1.004889840358972
554.6733213840196	1.0008661173702926
555.0066573840196	1.0017671493106026
555.3399933840196	0.9996894535762915
555.6733293840197	1.0023919839731108
556.0066653840197	1.0002037823773706
556.3400013840197	0.9999996363528281
556.6733373840198	0.9996024190876838
557.0066733840198	1.0035302854208352
557.3400093840198	1.0005746054765843
557.6733453840199	1.0031623248237485
558.0066813840199	0.992170394407308
654.0058713119979	1.0011578223341946
654.3392073119978	0.9912180983237742
654.6725433119977	0.9991369168482446
655.0058793119977	0.9963676583901016
655.3392153119976	0.9957596831008861
655.6725513119975	0.992524340675084
656.0058873119974	0.9969233779244026
656.3392233119973	0.9974386634028771
656.6725593119972	0.995528195969983
657.0058953119972	0.9980137510308709
657.3392313119971	0.9964242876281271
657.672567311997	0.9971029765047325
658.0059033119969	0.9976766017324344
658.3392393119968	0.9966320657044545
658.6725753119968	0.9982251725954412
659.0059113119967	0.9929851847721834
659.3392473119966	0.9951371207833666
659.6725833119965	0.9996796670284397
660.0059193119964	1.0002695477531116
660.3392553119963	0.9950314747493637
660.6725913119963	0.9998315006252676
661.0059273119962	1.0012450481525415
661.3392633119961	0.9966610116995434
661.672599311996	0.9993812714108895
662.0059353119959	0.9983677518479542
662.3392713119958	1.0012501138668883
662.6726073119958	1.002844357070388
663.0059433119957	0.9987831955341533
663.3392793119956	1.0011294781564626
663.6726153119955	1.0010618110337803
664.0059513119954	1.0021557426237673
664.3392873119953	1.0017732219207351
664.6726233119953	1.0042862291858623
665.0059593119952	0.9981081862711619
665.3392953119951	1.0034138839683509
665.672631311995	0.9991875308888288
666.0059673119949	1.0010952362380334
666.3393033119949	1.0019972068464094
666.6726393119948	1.0027560937891538
667.0059753119947	1.004060247459117
667.3393113119946	1.0041457187340215
667.6726473119945	1.0052368176994535
668.0059833119944	1.0060870143592069
668.3393193119944	1.0054670693079262
668.6726553119943	1.0053726379108507
669.0059913119942	1.0053480269332182
669.3393273119941	1.00268045390453
669.672663311994	1.006937978595066
670.005999311994	1.0058394555606804
670.3393353119939	1.0085112653817931
670.6726713119938	1.0065253121085846
671.0060073119937	1.0050661405374814
671.3393433119936	1.007815918673436
671.6726793119935	1.007603585944207
672.0060153119935	1.00747572397674
672.3393513119934	1.00666022321626
672.6726873119933	1.006891999062823
673.0060233119932	1.0114055663112604
673.3393593119931	1.004670305835346
673.672695311993	1.0100952737278392
674.006031311993	1.0078206691039513
674.3393673119929	1.006056654624167
674.6727033119928	1.0093697114558315
675.0060393119927	1.011434557595517
675.3393753119926	1.0026216585321932
675.6727113119925	1.010886090119844
676.0060473119925	1.007490087238556
676.3393833119924	1.0085687468753868
676.6727193119923	1.0079961449643549
677.0060553119922	1.008390428410002
677.3393913119921	1.0061160197955665
677.672727311992	1.0071768814105677
678.006063311992	1.008816926345682
678.3393993119919	1.0090866751060692
678.6727353119918	1.0052367082002658
679.0060713119917	1.009010465518602
679.3394073119916	1.0081142989504162
679.6727433119916	1.009380740495899
680.0060793119915	1.0051856600759084
680.3394153119914	1.0077412897843259
680.6727513119913	1.0068822055653022
681.0060873119912	1.0079997603517075
681.3394233119911	1.0065016796907373
681.6727593119911	1.009083062100233
682.006095311991	1.001241856699051
682.3394313119909	1.005222283386549
682.6727673119908	1.005550664819632
683.0061033119907	1.0066723522613767
683.3394393119906	1.0030433096019848
683.6727753119906	1.0060292606302474
684.0061113119905	1.006005365477459
684.3394473119904	1.0034795560984149
684.6727833119903	1.0052950974112886
685.0061193119902	1.0040548966097556
685.3394553119902	1.0033488488690359
685.6727913119901	1.003476435193444
686.00612731199	1.0021318949008997
686.3394633119899	1.0018891944639159
686.6727993119898	1.0024861208395313
687.0061353119897	1.0017122400081644
687.3394713119897	1.0045928491886402
687.6728073119896	1.0000734857063827
688.0061433119895	0.9996762408333951
688.3394793119894	0.9992650749158403
688.6728153119893	0.9993385775467918
689.0061513119892	0.9992967738502595
689.3394873119892	1.0004953996947918
689.6728233119891	0.9991070678176907
690.006159311989	0.9968649547045111
690.3394953119889	0.9968472260777868
690.6728313119888	0.9963846898734655
691.0061673119887	0.997026969053779
691.3395033119887	0.9934635563297777
691.6728393119886	0.9952357979580695
692.0061753119885	0.9953501266090825
692.3395113119884	0.9944293554736157
692.6728473119883	0.9940586328689202
693.0061833119883	0.9940611572327023
693.3395193119882	0.9941396443550063
693.6728553119881	0.9929380454061598
694.006191311988	0.9934904047124777
694.3395273119879	0.9912802703859567
694.6728633119878	0.9924905668913265
695.0061993119878	0.9968667878663244
695.3395353119877	0.9934478653879497
695.6728713119876	0.9894487046896069
696.0062073119875	0.994251672627777
696.3395433119874	0.9888018622150795
696.6728793119873	0.9867485430730689
697.0062153119873	0.9906359495951642
697.3395513119872	0.9907765646822186
697.6728873119871	0.9866700158701117
698.006223311987	0.9868423568405138
698.3395593119869	0.9891231173437617
698.6728953119868	0.9873432974681856
699.0062313119868	0.9880768394029199
699.3395673119867	0.9860949280500486
699.6729033119866	0.9856060105065046
700.0062393119865	0.9845894552197196
700.3395753119864	0.9868445811038649
700.6729113119864	0.98920061267612
701.0062473119863	0.986044015853643
701.3395833119862	0.9864295837357229
701.6729193119861	0.9842360167906461
702.006255311986	0.9806538825907793
702.3395913119859	0.9838166726142812
702.6729273119859	0.9842592511880595
703.0062633119858	0.9806552735408807
703.3395993119857	0.9817390418933013
703.6729353119856	0.9816792065858814
704.0062713119855	0.9821297209008201
704.3396073119854	0.982156412467646
704.6729433119854	0.9830037352603561
705.0062793119853	0.9852429366379102
705.3396153119852	0.9825732861293397
705.6729513119851	0.9762543035621523
706.006287311985	0.9821330493439682
706.339623311985	0.981697573434593
706.6729593119849	0.9842276497426697
707.0062953119848	0.9808762902339867
707.3396313119847	0.9859150806487019
707.6729673119846	0.9762344974638687
708.0063033119845	0.9819119792037685
708.3396393119845	0.9793675110778941
708.6729753119844	0.9810957020141021
709.0063113119843	0.9789402353738965
709.3396473119842	0.9818260164633145
709.6729833119841	0.9776047972705245
710.006319311984	0.9856813623866096
710.339655311984	0.9759779312635195
710.6729913119839	0.979960046213426
711.0063273119838	0.9826958945584412
711.3396633119837	0.9784634124051109
711.6729993119836	0.9872143584955531
712.0063353119835	0.9772973830017708
712.3396713119835	0.9812092159422406
712.6730073119834	0.9810777203969364
713.0063433119833	0.9775492116961483
713.3396793119832	0.9798600067612531
713.6730153119831	0.9825334807800218
714.006351311983	0.9808286129745027
714.339687311983	0.9828770318266975
714.6730233119829	0.9811079625953405
715.0063593119828	0.98348568338156
715.3396953119827	0.9867869303305394
715.6730313119826	0.9788702681638287
716.0063673119826	0.985504957225738
716.3397033119825	0.9760060619857533
716.6730393119824	0.981792794052268
717.0063753119823	0.9860080621556103
717.3397113119822	0.9813229075235501
717.6730473119821	0.9835718945274299
718.0063833119821	0.9831304540723907
718.339719311982	0.9852030152117539
718.6730553119819	0.9841596294192129
719.0063913119818	0.9863358712670639
719.3397273119817	0.9863356704826267
719.6730633119817	0.986682059799136
720.0063993119816	0.9819569483584524
720.3397353119815	0.9865185458999899
720.6730713119814	0.9865576139708835
721.0064073119813	0.9867142376928704
721.3397433119812	0.9901833594009614
721.6730793119812	0.9859171394440357
722.0064153119811	0.9879526628972544
722.339751311981	0.9872611340924341
722.6730873119809	0.9870361774806378
723.0064233119808	0.9888652382175467
723.3397593119807	0.9891402053442042
723.6730953119807	0.9878803884111559
724.0064313119806	0.988868015192197
724.3397673119805	0.9890161463069328
724.6731033119804	0.9887055810563279
725.0064393119803	0.9910096676807512
725.3397753119802	0.9906658375330286
725.6731113119802	0.9922861361648097
726.0064473119801	0.9921933663906864
726.33978331198	0.9854508420829534
726.6731193119799	0.9879834047981176
727.0064553119798	0.9898932950254551
727.3397913119798	0.9907836667405108
727.6731273119797	0.990213344567634
728.0064633119796	0.9908204741603814
728.3397993119795	0.9910908337838175
728.6731353119794	0.9926149237379948
729.0064713119793	0.9947134089178435
729.3398073119793	0.9919236765096138
729.6731433119792	0.9901929771948836
730.0064793119791	0.9952627349493521
730.339815311979	0.9911467261516695
730.6731513119789	0.9908859245711042
731.0064873119788	0.9917748513523631
731.3398233119788	0.9928781509714344
731.6731593119787	0.9911077670394537
732.0064953119786	0.9916030301200263
732.3398313119785	0.9918463635904591
732.6731673119784	0.9909793548682289
733.0065033119783	0.9906145304343787
733.3398393119783	0.9914916293563522
733.6731753119782	0.989720054074277
734.0065113119781	0.9909244341502415
734.339847311978	0.9909525651707848
734.6731833119779	0.9903254592313436
735.0065193119779	0.9890394745605877
735.3398553119778	0.9918923982574155
735.6731913119777	0.9878643194053803
736.0065273119776	0.9916585658292438
736.3398633119775	0.9895172782500952
736.6731993119774	0.9898953195086552
737.0065353119774	0.9905499849788189
737.3398713119773	0.9917790252843115
737.6732073119772	0.990357007083553
738.0065433119771	0.9889687754487613
738.339879311977	0.9880295936279898
738.673215311977	0.9907184359069634
739.0065513119769	0.9897631348618219
739.3398873119768	0.989753308581699
739.6732233119767	0.989278301888673
740.0065593119766	0.9883902895580587
740.3398953119765	0.9885160181653635
740.6732313119765	0.9887916074569327
741.0065673119764	0.9905795617714509
741.3399033119763	0.9882749706966087
741.6732393119762	0.9901712139474196
742.0065753119761	0.990854733597163
742.339911311976	0.9892119737951949
742.673247311976	0.9874535982577263
743.0065833119759	0.987971187736556
743.3399193119758	0.9899782889804337
743.6732553119757	0.989753658991325
744.0065913119756	0.9884800674560607
744.3399273119755	0.9918575623023351
744.6732633119755	0.9918693443595994
745.0065993119754	0.988592121707502
745.3399353119753	0.9883434147444452
745.6732713119752	0.989304101411533
746.0066073119751	0.9885649241193556
746.339943311975	0.9929235009099375
746.673279311975	0.9877222632671114
747.0066153119749	0.9941263636982421
747.3399513119748	0.9901888267631207
747.6732873119747	0.9903841169776019
748.0066233119746	0.9890112755408074
748.3399593119746	0.9917883897166919
748.6732953119745	0.9911743851575485
749.0066313119744	0.9896579972023385
749.3399673119743	0.9860276787162308
749.6733033119742	0.9935920121166536
750.0066393119741	0.9900569556412939
750.3399753119741	0.9963397198143373
750.673311311974	0.9956730292310495
751.0066473119739	0.9922570314584443
751.3399833119738	0.993948668284142
751.6733193119737	0.9931747937410046
752.0066553119736	0.9933759148940455
752.3399913119736	0.9955569313481013
752.6733273119735	0.9942489443453085
753.0066633119734	0.9950000135076452
753.3399993119733	0.9946926143901078
753.6733353119732	0.9938010583566531
754.0066713119732	0.9972995639147949
754.3400073119731	0.9979195377825372
754.673343311973	0.9955853262307974
755.0066793119729	0.9987895695245583
755.3400153119728	0.9963968354261985
755.6733513119727	0.996679681689788
756.0066873119727	0.9975920486595281
756.3400233119726	0.9970503084360838
756.6733593119725	1.0013170809818908
757.0066953119724	0.9994485744941027
757.3400313119723	0.999693027482576
757.6733673119722	0.9985777038813223
758.0067033119722	1.0011324090737643
758.3400393119721	1.0012394759221204
758.673375311972	1.0016450234088616
759.0067113119719	1.000226558701934
759.3400473119718	1.0037118461893058
759.6733833119717	1.0007917257105639
760.0067193119717	1.0042694080320211
760.3400553119716	1.002350132131745
760.6733913119715	1.00217942452487
761.0067273119714	1.0015164492233877
761.3400633119713	1.004818163369543
761.6733993119713	1.0066280824065863
762.0067353119712	1.0066163608039338
762.3400713119711	1.006425737434301
762.673407311971	1.0063408827972835
763.0067433119709	1.0085594548632977
763.3400793119708	1.007255523668603
763.6734153119708	1.0092538457917195
764.0067513119707	1.0075394921773473
764.3400873119706	1.005830633110331
764.6734233119705	1.010523117770585
765.0067593119704	1.0104032769434876
765.3400953119703	1.012846293494171
765.6734313119703	1.0094025441092132
766.0067673119702	1.0122373830982951
766.3401033119701	1.011233791576033
766.67343931197	1.0116924295803729
767.0067753119699	1.0119061708591368
767.3401113119698	1.0142755597589923
767.6734473119698	1.012307370465931
768.0067833119697	1.016190489667184
768.3401193119696	1.018228742714131
768.6734553119695	1.0151385782985307
769.0067913119694	1.0146357426414305
769.3401273119694	1.0166351840318835
769.6734633119693	1.014458758210886
770.0067993119692	1.0168763524332949
770.3401353119691	1.0204933037693202
770.673471311969	1.0143369622360605
771.0068073119689	1.0170309073880732
771.3401433119689	1.0162365934374935
771.6734793119688	1.0176417749692315
772.0068153119687	1.0180423372586218
772.3401513119686	1.0178278363898536
772.6734873119685	1.0177054004087218
773.0068233119684	1.019413708174865
773.3401593119684	1.020778558328095
773.6734953119683	1.0192145584638004
774.0068313119682	1.0167442073232675
774.3401673119681	1.0190294107309998
774.673503311968	1.0195203951143055
775.006839311968	1.0187217489696683
775.3401753119679	1.0201894179140212
775.6735113119678	1.0192327607433267
776.0068473119677	1.0190522515350888
776.3401833119676	1.019228080858526
776.6735193119675	1.0197963321362415
777.0068553119675	1.0196692967706122
777.3401913119674	1.0205695503542793
777.6735273119673	1.0193771396642068
778.0068633119672	1.0196846109340518
778.3401993119671	1.0189844455296257
778.673535311967	1.0211562876953273
779.006871311967	1.0204684126236525
779.3402073119669	1.0199113605211452
779.6735433119668	1.020425922735489
780.0068793119667	1.020847301764683
780.3402153119666	1.0197326714055082
780.6735513119665	1.0166334894906595
781.0068873119665	1.0213840855578804
781.3402233119664	1.0191858381206516
781.6735593119663	1.019156039276439
782.0068953119662	1.0193855497741928
782.3402313119661	1.016628255517314
782.673567311966	1.0203396019648712
783.006903311966	1.019963122573957
783.3402393119659	1.0170278202280232
783.6735753119658	1.0188863124092988
784.0069113119657	1.016752178035116
784.3402473119656	1.018193556113699
784.6735833119656	1.0172738958050795
785.0069193119655	1.0168219917317358
785.3402553119654	1.0208821653334674
785.6735913119653	1.015340603218256
786.0069273119652	1.0140496756764008
786.3402633119651	1.015985588771459
786.6735993119651	1.012383770859062
787.006935311965	1.0140021069779408
787.3402713119649	1.0150934572535704
787.6736073119648	1.0120668145679546
788.0069433119647	1.013499191446814
788.3402793119647	1.0135671097901946
788.6736153119646	1.0127972517416413
789.0069513119645	1.0123166325653647
789.3402873119644	1.0117663847918925
789.6736233119643	1.0116640263503012
790.0069593119642	1.0094301622831001
790.3402953119642	1.0134348741537347
790.6736313119641	1.0083296197906586
791.006967311964	1.0093096595621527
791.3403033119639	1.0085329919417125
791.6736393119638	1.0072799496527622
792.0069753119637	1.0060700367481392
792.3403113119637	1.0082477197655255
792.6736473119636	1.0076594193523756
793.0069833119635	1.0082726167064973
793.3403193119634	1.0052775124597566
793.6736553119633	1.005046524586185
794.0069913119632	1.0056722851051854
794.3403273119632	1.0056780871470004
794.6736633119631	1.0034170534402787
795.006999311963	1.006079821680592
795.3403353119629	1.0035377277245143
795.6736713119628	1.0057407464827826
796.0070073119628	1.002405127561289
796.3403433119627	1.0028485023046712
796.6736793119626	0.9985738406296429
797.0070153119625	0.9971866246326143
797.3403513119624	1.001852535591146
797.6736873119623	1.0011104272675513
798.0070233119623	1.0012618361965193
798.3403593119622	0.9994320478697035
798.6736953119621	1.0001560255034545
799.007031311962	1.0019063144184177
799.3403673119619	1.0017344286952277
799.6737033119618	0.9978340839628369
800.0070393119618	0.9975587292176963
800.3403753119617	0.9984682458561284
800.6737113119616	0.9991393935203787
801.0070473119615	0.9988115500175673
801.3403833119614	0.9976429839102512
801.6737193119613	0.9997098941381966
802.0070553119613	1.0008706371706626
802.3403913119612	0.9964495622131613
802.6737273119611	0.9976803917445847
803.007063311961	0.9977221933841587
803.3403993119609	0.9974003402057154
803.6737353119609	0.9955174881272001
804.0070713119608	0.9976976708166746
804.3404073119607	0.9973185858398558
804.6737433119606	0.9984924138554178
805.0070793119605	0.99827617338728
805.3404153119604	0.9970423324117725
805.6737513119604	0.9942110905552213
806.0070873119603	1.000898243542738
806.3404233119602	0.9991382057277153
806.6737593119601	0.9971462353025444
807.00709531196	0.9958763113925723
807.34043131196	0.9984300162624896
807.6737673119599	0.9995172249270113
808.0071033119598	0.9982770937145758
808.3404393119597	1.002990329193746
808.6737753119596	1.0016192988545396
809.0071113119595	0.9984137492620037
809.3404473119595	1.0021130441036588
809.6737833119594	0.9996761453268552
810.0071193119593	1.001358718861047
810.3404553119592	1.0001911412314375
810.6737913119591	1.0013103183835517
811.007127311959	1.0019227769968027
811.340463311959	1.004056805065671
811.6737993119589	1.0004556418570494
812.0071353119588	1.0016323604013604
812.3404713119587	1.0032020859044701
812.6738073119586	1.0031260283829122
813.0071433119585	1.003969556857573
813.3404793119585	1.0042008735481094
813.6738153119584	1.000295893235671
814.0071513119583	1.0045794754104078
814.3404873119582	1.0037113738914796
814.6738233119581	1.005085412793497
815.007159311958	1.0026690831043539
815.340495311958	1.00355281855234
815.6738313119579	1.003124448547609
816.0071673119578	1.0043641841050057
816.3405033119577	1.0038501568922908
816.6738393119576	1.0044300911532362
817.0071753119576	1.0051738589097774
817.3405113119575	1.0041403507968865
817.6738473119574	1.0032679879449868
818.0071833119573	1.003783267173013
818.3405193119572	1.0045491632828512
818.6738553119571	1.0096422382460297
819.0071913119571	1.0054375078044224
819.340527311957	1.002613238580894
819.6738633119569	1.0070437007764734
820.0071993119568	1.0013373367818208
820.3405353119567	1.0036085968084554
820.6738713119566	1.002585824122215
821.0072073119566	1.0044369536446374
821.3405433119565	1.0024108670586442
821.6738793119564	1.0024073826356343
822.0072153119563	1.002513792472358
822.3405513119562	1.0008318760429415
822.6738873119562	1.0035485880156807
823.0072233119561	1.002882276105254
823.340559311956	1.0052614816328558
823.6738953119559	1.0049738119118516
824.0072313119558	1.0013143830319906
824.3405673119557	0.9984492632204821
824.6739033119557	1.0005498380957667
825.0072393119556	1.003538816356197
825.3405753119555	0.999933177632146
825.6739113119554	1.001300714585373
826.0072473119553	0.9993081800566864
826.3405833119552	0.9991609845421873
826.6739193119552	0.9996060685845182
827.0072553119551	0.9988335440719942
827.340591311955	0.9987181822965159
827.6739273119549	0.9969316453876886
828.0072633119548	0.9999045726350911
828.3405993119547	0.9965959243675158
828.6739353119547	0.9942192957232207
829.0072713119546	0.9967467885088199
829.3406073119545	0.9935320789923792
829.6739433119544	0.9964025374978231
830.0072793119543	0.9950250334638171
830.3406153119543	0.9959573481982993
830.6739513119542	0.9972172066834508
831.0072873119541	0.9962137941021245
831.340623311954	0.9943693326884472
831.6739593119539	0.9968383419315341
832.0072953119538	0.9920291205828599
832.3406313119538	0.993304283578589
832.6739673119537	0.996309489411907
833.0073033119536	0.9953621894213918
833.3406393119535	0.9962656875713751
833.6739753119534	0.9908154734753252
834.0073113119533	0.9885692955125861
834.3406473119533	0.99926198242414
834.6739833119532	0.9942661770871204
835.0073193119531	0.9949106479558267
835.340655311953	0.9955569349358132
835.6739913119529	0.9950963993660178
836.0073273119528	0.9962920363047755
836.3406633119528	0.9925894064217184
836.6739993119527	0.9945810940359295
837.0073353119526	0.9955811875464073
837.3406713119525	0.9953318247093768
837.6740073119524	0.9941135955199806
838.0073433119524	0.9976785108072364
838.3406793119523	0.9935402145453999
838.6740153119522	0.9973827700346607
839.0073513119521	0.996319496424978
839.340687311952	0.996548253716366
839.6740233119519	0.997139891041491
840.0073593119519	0.9975226769855615
840.3406953119518	0.9957426137803115
840.6740313119517	0.9971259936376284
841.0073673119516	0.9987186202406384
841.3407033119515	0.9969110992969527
841.6740393119514	0.9967743511105588
842.0073753119514	0.999672201154994
842.3407113119513	1.0002284485491737
842.6740473119512	1.0022677471160581
843.0073833119511	1.0004878893070108
843.340719311951	1.0021774282920084
843.674055311951	1.001370957932695
844.0073913119509	1.003747496674731
844.3407273119508	1.004526258435019
844.6740633119507	1.003669752740988
845.0073993119506	1.0050319142770618
845.3407353119505	1.0054236946189865
845.6740713119505	1.0040299103384291
846.0074073119504	1.0030540849456466
846.3407433119503	1.0055438075852112
846.6740793119502	1.0063997264597988
847.0074153119501	1.0055953894843415
847.34075131195	1.0038352388162064
847.67408731195	1.0061233577068378
848.0074233119499	1.0070038633871243
848.3407593119498	1.0089975413780479
848.6740953119497	1.0071639890536277
849.0074313119496	1.0083754163142646
849.3407673119495	1.0114347208177445
849.6741033119495	1.0076094980549273
850.0074393119494	1.010970654512195
850.3407753119493	1.0105452568334967
850.6741113119492	1.0108493551726792
851.0074473119491	1.0100344088060973
851.340783311949	1.0123229870988657
851.674119311949	1.0120748672531357
852.0074553119489	1.0114230532557928
852.3407913119488	1.0127651191791351
852.6741273119487	1.0120524751057398
853.0074633119486	1.011166338334683
853.3407993119486	1.0120005270568182
853.6741353119485	1.0120211403018153
854.0074713119484	1.0109430454425394
854.3408073119483	1.0106719973320457
854.6741433119482	1.012354624795151
855.0074793119481	1.011525444897702
855.3408153119481	1.01155788111583
855.674151311948	1.0113210304274702
856.0074873119479	1.0113440622103074
856.3408233119478	1.0106043523254862
856.6741593119477	1.0110569877644977
857.0074953119477	1.0108908109856185
857.3408313119476	1.0110532409519284
857.6741673119475	1.0090349627994633
858.0075033119474	1.0100564105263676
858.3408393119473	1.0101283765465332
858.6741753119472	1.0089958540442459
859.0075113119472	1.0090020694847301
859.3408473119471	1.009775690121257
859.674183311947	1.007941415191405
860.0075193119469	1.0061833511323128
860.3408553119468	1.007551993364955
860.6741913119467	1.0078915822156622
861.0075273119467	1.006956368203903
861.3408633119466	1.0065321524354154
861.6741993119465	1.0062614042100542
862.0075353119464	1.0062636977882906
862.3408713119463	1.005891352458061
862.6742073119462	1.0054992960635223
863.0075433119462	1.0051299577897999
863.3408793119461	1.004309234109242
863.674215311946	1.0038018950709477
864.0075513119459	1.0037391869085226
864.3408873119458	1.0026457102195894
864.6742233119458	1.0037503687795484
865.0075593119457	1.0032891711660645
865.3408953119456	1.0034488108567963
865.6742313119455	1.0012765872739586
866.0075673119454	1.0017418941591185
866.3409033119453	0.9989608896011126
866.6742393119453	1.0005158955051718
867.0075753119452	0.9997470233005622
867.3409113119451	1.0006634635872758
867.674247311945	0.9987245586058114
868.0075833119449	0.9991914843374987
868.3409193119448	1.0017603620113968
868.6742553119448	1.0000045741542065
869.0075913119447	0.997480147417812
869.3409273119446	0.9988315341022631
869.6742633119445	0.9976008490780253
870.0075993119444	0.9979266105048336
870.3409353119443	0.9958195705289484
870.6742713119443	0.9995535340835331
871.0076073119442	0.9921587768155843
978.0033754079924	1.0019610183665544
978.3367114079923	1.0033960237969846
978.6700474079922	1.0096802150423785
979.0033834079921	1.0041939065328531
979.3367194079921	1.0079410104248145
979.670055407992	1.0050813101892038
980.0033914079919	1.004057135353179
980.3367274079918	1.0078058087759951
980.6700634079917	1.0042459234513161
981.0033994079917	1.0053474879622362
981.3367354079916	1.0038766790539586
981.6700714079915	1.0047389129222013
982.0034074079914	1.0031472018940255
982.3367434079913	1.0051642807945624
982.6700794079912	1.002984573212384
983.0034154079912	1.0055026049401106
983.3367514079911	1.0043476997952874
983.670087407991	1.005783666391065
984.0034234079909	1.0048102333469193
984.3367594079908	1.0043197905928258
984.6700954079907	1.0012969428998635
985.0034314079907	1.0065759256248807
985.3367674079906	1.001199600015467
985.6701034079905	1.0038467831758064
986.0034394079904	1.0027093761466785
986.3367754079903	1.0023134980279809
986.6701114079902	1.0033548079918408
987.0034474079902	1.0038704608206228
987.3367834079901	1.0023558019535665
987.67011940799	1.0034191813113336
988.0034554079899	1.0027116182545641
988.3367914079898	1.0024739626975954
988.6701274079898	1.0009361787240665
989.0034634079897	1.0031291188738667
989.3367994079896	1.0048224493998423
989.6701354079895	0.9999116187533147
990.0034714079894	1.0044680838182287
990.3368074079893	1.0006932082167144
990.6701434079893	1.0027716156049244
991.0034794079892	1.001589011469271
991.3368154079891	1.0010033453847822
991.670151407989	1.000607829371345
992.0034874079889	1.000810405938718
992.3368234079888	1.0010658401162902
992.6701594079888	1.0009001207326993
993.0034954079887	1.000287280612321
993.3368314079886	0.9989678240416732
993.6701674079885	1.0008189498351892
994.0035034079884	1.0021583998900918
994.3368394079884	0.9990703898359564
994.6701754079883	1.000262051715617
995.0035114079882	0.9990967805044797
995.3368474079881	1.0007530067665091
995.670183407988	0.9972046390801822
996.0035194079879	1.005338523390053
996.3368554079879	1.0027375003167192
996.6701914079878	0.9940043411531936
997.0035274079877	0.9990589562111762
997.3368634079876	1.0015553931735304
997.6701994079875	0.9979322379792012
998.0035354079874	1.0008396462284486
998.3368714079874	1.0015202307405466
998.6702074079873	0.9988063465029453
999.0035434079872	0.9986260354415483
999.3368794079871	0.9996235996754307
999.670215407987	0.9982994781586266
1000.003551407987	1.0000993252238939
1000.3368874079869	0.9973865209988165
1000.6702234079868	1.0002706102478203
1001.0035594079867	0.9990385318265824
1001.3368954079866	0.9972458212629725
1001.6702314079865	0.9991460482057278
1002.0035674079865	0.9980559149716327
1002.3369034079864	1.000327048924585
1002.6702394079863	0.9958479696418983
1003.0035754079862	0.9976992927003198
1003.3369114079861	1.0013353959870244
1003.670247407986	0.9992738918202161
1004.003583407986	0.9979146960013172
1004.3369194079859	0.9991133305646415
1004.6702554079858	0.9973133150720143
1005.0035914079857	0.9989032691905111
1005.3369274079856	1.0000200522472504
1005.6702634079855	0.9991798906341356
1006.0035994079855	0.9966913691071626
1006.3369354079854	0.9996532293757907
1006.6702714079853	0.9979622652842662
1007.0036074079852	0.9989111960343433
1007.3369434079851	1.0000958049586464
1007.670279407985	1.001663531045942
1008.003615407985	0.9990106108233769
1008.3369514079849	0.9998330317734593
1008.6702874079848	0.9981750545324721
1009.0036234079847	0.9982605661387747
1009.3369594079846	0.9982832594319168
1009.6702954079846	0.9970714509789188
1010.0036314079845	0.9969655563006493
1010.3369674079844	0.9967120976487058
1010.6703034079843	0.9977213332444476
1011.0036394079842	0.9983255195420191
1011.3369754079841	0.9994808137108885
1011.6703114079841	0.9980375677062274
1012.003647407984	0.9976774509360967
1012.3369834079839	1.0012743696418795
1012.6703194079838	0.9974812507022609
1013.0036554079837	0.998182951560121
1013.3369914079836	0.9982677541630015
1013.6703274079836	0.996911625468943
1014.0036634079835	0.9975076960323267
1014.3369994079834	0.9983592678300945
1014.6703354079833	0.9972275015205724
1015.0036714079832	0.9956226049452053
1015.3370074079832	0.9965708331856817
1015.6703434079831	0.9957522608727001
1016.003679407983	0.9963113693144448
1016.3370154079829	0.9959699369355846
1016.6703514079828	0.994986597511761
1017.0036874079827	0.9956800681898399
1017.3370234079827	0.9940293658296991
1017.6703594079826	0.9936878854097128
1018.0036954079825	0.9955928405048431
1018.3370314079824	0.9924768542123069
1018.6703674079823	0.9968529069108636
1019.0037034079822	0.9921676964062714
1019.3370394079822	0.9963024474537849
1019.6703754079821	0.9948255466093817
1020.003711407982	0.9908917903840984
1020.3370474079819	0.9914057088944236
1020.6703834079818	0.9923493712801884
1021.0037194079817	0.991659261761347
1021.3370554079817	0.9926293747215089
1021.6703914079816	0.991637689817012
1022.0037274079815	0.9904848989701989
1022.3370634079814	0.9911858643594406
1022.6703994079813	0.9943467228731876
1023.0037354079813	0.9886005617317153
1023.3370714079812	0.9911105814482893
1023.6704074079811	0.9888801639195337
1024.003743407981	0.9877247944282677
1024.337079407981	0.9889117558310482
1024.6704154079807	0.9850857968438245
1025.0037514079809	0.9909960490985735
1025.3370874079806	0.990451295796335
1025.6704234079807	0.9829130249387512
1026.0037594079804	0.9878231182219182
1026.3370954079805	0.9899780855018766
1026.6704314079802	0.9853545713639198
1027.0037674079804	0.9877034327675245
1027.33710340798	0.9858677831797377
1027.6704394079802	0.9856482426014914
1028.00377540798	0.9864026809131433
1028.33711140798	0.9839231277656731
1028.6704474079797	0.980835700528736
1029.0037834079799	0.9852898950290259
1029.3371194079796	0.9827575314986478
1029.6704554079797	0.9836995045104536
1030.0037914079794	0.9836944132642619
1030.3371274079796	0.9859406546181921
1030.6704634079792	0.9820751295749289
1031.0037994079794	0.983218133011584
1031.337135407979	0.9850579319751388
1031.6704714079792	0.9833744839939427
1032.003807407979	0.982407045797973
1032.337143407979	0.9849211687510177
1032.6704794079787	0.9839750549858015
1033.003815407979	0.9856712195468564
1033.3371514079786	0.9822910989943018
1033.6704874079787	0.9842257881380974
1034.0038234079784	0.9832067185225507
1034.3371594079786	0.9844144855544169
1034.6704954079783	0.9816011430480838
1035.0038314079784	0.9833338599488753
1035.337167407978	0.9848983780040035
1035.6705034079782	0.9856087808359323
1036.003839407978	0.9798703824545018
1036.337175407978	0.9852155054349477
1036.6705114079778	0.9825749131651492
1037.003847407978	0.9831725362299166
1037.3371834079776	0.9828124483985067
1037.6705194079777	0.9804338594751028
1038.0038554079774	0.9851144248029308
1038.3371914079776	0.9867306235701621
1038.6705274079773	0.9826986672969128
1039.0038634079774	0.9850984529577891
1039.337199407977	0.9830323748327542
1039.6705354079772	0.985726409707977
1040.003871407977	0.9826227185922838
1040.337207407977	0.9860343804090846
1040.6705434079768	0.9916896975918622
1041.003879407977	0.9822237745328896
1041.3372154079766	0.9854223259961367
1041.6705514079767	0.9845018444359038
1042.0038874079764	0.9859006891534686
1042.3372234079766	0.9849503190830197
1042.6705594079763	0.9847767805647049
1043.0038954079764	0.9833448067687806
1043.337231407976	0.9859498440490285
1043.6705674079763	0.9858167840116374
1044.003903407976	0.98518897663789
1044.337239407976	0.9854279593973557
1044.6705754079758	0.9883030906356797
1045.003911407976	0.9855323783791851
1045.3372474079756	0.9912588004374434
1045.6705834079758	0.9872207148659212
1046.0039194079754	0.9867769317673187
1046.3372554079756	0.9876794996070323
1046.6705914079753	0.98707353387674
1047.0039274079754	0.9910790022463302
1047.3372634079751	0.9900720162313
1047.6705994079753	0.9848429195849647
1048.003935407975	0.9917100156451184
1048.337271407975	0.9881132344777814
1048.6706074079748	0.9897185334653076
1049.003943407975	0.9872988171370731
1049.3372794079746	0.9910847190985297
1049.6706154079748	0.9879182806386247
1050.0039514079745	0.9894853964065322
1050.3372874079746	0.989775034920314
1050.6706234079743	0.9907469088958551
1051.0039594079744	0.9918187472874963
1051.3372954079741	0.9901027435858406
1051.6706314079743	0.9929746481480172
1052.003967407974	0.9906097179613211
1052.337303407974	0.9948540865291042
1052.6706394079738	0.9934425352455671
1053.003975407974	0.9911426092637032
1053.3373114079736	0.992120051992987
1053.6706474079738	0.9944410492542813
1054.0039834079735	0.9942882690817949
1054.3373194079736	0.9952155873827567
1054.6706554079733	0.9973494005836732
1055.0039914079734	0.9946323888018938
1055.3373274079731	0.9975927367171374
1055.6706634079733	0.9926460702396528
1056.003999407973	0.997683789319845
1056.3373354079731	0.9967051783225889
1056.6706714079728	0.9979193816867532
1057.004007407973	0.9986099014971158
1057.3373434079726	0.9963741715238791
1057.6706794079728	1.001124124532812
1058.0040154079725	0.9994287649492105
1058.3373514079726	0.9988486645551163
1058.6706874079723	1.001409424885774
1059.0040234079725	1.0015051400947999
1059.3373594079721	1.001778218434659
1059.6706954079723	1.0013833083371315
1060.004031407972	1.0052944596169964
1060.3373674079721	1.003170358086784
1060.6707034079718	1.0050489650731749
1061.004039407972	1.0043376901273493
1061.3373754079716	1.004361552681583
1061.6707114079718	1.0068734654648457
1062.0040474079715	1.006694341136397
1062.3373834079716	1.003757929122147
1062.6707194079713	1.006116484748738
1063.0040554079715	1.0066673558567643
1063.3373914079712	1.006669312057825
1063.6707274079713	1.008032887754019
1064.004063407971	1.0078327938050007
1064.3373994079711	1.0082996154893806
1064.6707354079708	1.0099487218366177
1065.004071407971	1.0091910262592798
1065.3374074079707	1.008398906638371
1065.6707434079708	1.0102451047077563
1066.0040794079705	1.0107044100417248
1066.3374154079706	1.0108972753530874
1066.6707514079703	1.0130092309075223
1067.0040874079705	1.0122695769952506
1067.3374234079702	1.0101359066649722
1067.6707594079703	1.0113854429537947
1068.00409540797	1.012880156645896
1068.3374314079701	1.0113852720097976
1068.6707674079698	1.0146318124238651
1069.00410340797	1.0137679917821236
1069.3374394079697	1.0116226573574896
1069.6707754079698	1.0139608883453648
1070.0041114079695	1.0117444743745556
1070.3374474079696	1.0123352063930877
1070.6707834079693	1.0131322077840976
1071.0041194079695	1.0121796316141887
1071.3374554079692	1.0126503251429082
1071.6707914079693	1.0141259086936474
1072.004127407969	1.0130729325977028
1072.3374634079692	1.0126843122518094
1072.6707994079688	1.0122761695934597
1073.004135407969	1.013635778108059
1073.3374714079687	1.0119307660918544
1073.6708074079688	1.0098272145616625
1074.0041434079685	1.0127819515657348
1074.3374794079687	1.013026684266429
1074.6708154079683	1.012514466481584
1075.0041514079685	1.0111952684383523
1075.3374874079682	1.0113891118360392
1075.6708234079683	1.0117913065945852
1076.004159407968	1.011330200334491
1076.3374954079682	1.0124180364774606
1076.6708314079679	1.0116298961517054
1077.004167407968	1.007733445475094
1077.3375034079677	1.0110071582545062
1077.6708394079678	1.0081677011092214
1078.0041754079675	1.008979950712886
1078.3375114079677	1.0090493250739925
1078.6708474079674	1.0088031285233565
1079.0041834079675	1.0095208147898544
1079.3375194079672	1.0072718530286207
1079.6708554079673	1.0058501180815167
1080.004191407967	1.0086196550701474
1080.3375274079672	1.0054390274887701
1080.6708634079669	1.007246913415814
1081.004199407967	1.00599961608773
1081.3375354079667	1.0061736582394933
1081.6708714079668	1.004199046520782
1082.0042074079665	1.0064452984217147
1082.3375434079667	1.0053262863186931
1082.6708794079664	1.0034103941887165
1083.0042154079665	1.0039273840762395
1083.3375514079662	1.0033587027700137
1083.6708874079663	1.0000977661341546
1084.004223407966	1.0027534903571005
1084.3375594079662	1.0014916435831827
1084.6708954079659	1.0044321315790479
1085.004231407966	1.0011887345890564
1085.3375674079657	1.0043442672056615
1085.6709034079659	1.0003999745426848
1086.0042394079655	1.0034681704249
1086.3375754079657	1.001112945465242
1086.6709114079654	1.002678608460532
1087.0042474079655	1.0005929823339734
1087.3375834079652	1.0002414508608959
1087.6709194079654	0.9995565390146909
1088.004255407965	1.0007812212987106
1088.3375914079652	1.0005430527642591
1088.6709274079649	1.0017704445761533
1089.004263407965	1.0022401264142036
1089.3375994079647	1.0024937713261637
1089.6709354079649	0.9964864762690854
1090.0042714079646	0.9990680556016012
1090.3376074079647	1.0010865995018818
1090.6709434079644	1.0020460495928205
1091.0042794079645	1.0013877418191122
1091.3376154079642	1.001381225178594
1091.6709514079644	1.001728851982206
1092.004287407964	1.0043613539041616
1092.3376234079642	0.9968859650470684
1092.670959407964	1.0014788362967386
1093.004295407964	1.0025628355163305
1093.3376314079637	1.002363595205542
1093.6709674079639	1.0038436324270328
1094.0043034079636	1.0028946325634023
1094.3376394079637	1.0049848250146838
1094.6709754079634	1.0056117273738163
1095.0043114079635	1.0009262097616145
1095.3376474079632	1.010660374940509
1095.6709834079634	1.0062297465617869
1096.004319407963	1.002849018636927
1096.3376554079632	1.0058832263990614
1096.670991407963	1.0107155127962661
1097.004327407963	0.9992332195295603
1097.3376634079627	1.003780945203088
1097.6709994079629	1.007304816189501
1098.0043354079626	1.008251998315599
1098.3376714079627	1.0060674527471583
1098.6710074079624	1.0080708179301925
1099.0043434079626	1.005899957856279
1099.3376794079622	1.0074687386662626
1099.6710154079624	1.005940915546224
1100.004351407962	1.0067762213276923
1100.3376874079622	1.0086538726221403
1100.671023407962	1.0084096956478592
1101.004359407962	1.0083624674790173
1101.3376954079617	1.0095872433643478
1101.671031407962	1.0065695980605431
1102.0043674079616	1.0098596591547475
1102.3377034079617	1.0115757334711617
1102.6710394079614	1.006544445475983
1103.0043754079616	1.01064075087223
1103.3377114079613	1.007713747820957
1103.6710474079614	1.0100168185841358
1104.004383407961	1.0080695624644431
1104.3377194079612	1.010705426263427
1104.671055407961	1.008810197170637
1105.004391407961	1.0097092499783848
1105.3377274079608	1.0070862200340303
1105.671063407961	1.0102343507760765
1106.0043994079606	1.0076422415471047
1106.3377354079607	1.0083890808200968
1106.6710714079604	1.010654214418196
1107.0044074079606	1.0070454757874137
1107.3377434079603	1.0077677016655455
1107.6710794079604	1.007225853313059
1108.00441540796	1.0065945620640935
1108.3377514079602	1.0056477265381396
1108.67108740796	1.0078264586036934
1109.00442340796	1.002892618223679
1109.3377594079598	1.0041434813293653
1109.67109540796	1.0062570304959335
1110.0044314079596	1.0035558683136956
1110.3377674079597	0.9985368830475017
1110.6711034079594	1.0074433734521202
1111.0044394079596	1.0007656824725089
1111.3377754079593	1.001399458229837
1111.6711114079594	1.0018621230571427
1112.004447407959	1.001170685985692
1112.3377834079593	0.9988871949579711
1112.671119407959	1.0001002875847012
1113.004455407959	0.9976325916881055
1113.3377914079588	1.0019128331082667
1113.671127407959	0.9928471523786405
1114.0044634079586	0.995794408181388
1114.3377994079588	1.000206642378779
1114.6711354079584	0.9964214060884676
1115.0044714079586	0.9987374559594385
1115.3378074079583	0.9939924471422896
1115.6711434079584	0.9961619301074721
1116.0044794079581	0.994808152651865
1116.3378154079583	0.9933150561062192
1116.671151407958	0.9913728383733077
1117.004487407958	0.9918478938931738
1117.3378234079578	0.9917471402401458
1117.671159407958	0.9891071689368867
1118.0044954079576	0.9926152125776738
1118.3378314079578	0.9888382718239677
1118.6711674079575	0.9942674257967402
1119.0045034079576	0.9842857811836578
1119.3378394079573	0.9870466370145606
1119.6711754079574	0.9917672667808607
1120.0045114079571	0.9885837729233438
1120.3378474079573	0.9901572721358981
1120.671183407957	0.9889580208631689
1121.004519407957	0.9900625939800358
1121.3378554079568	0.98697545001012
1121.671191407957	0.9876496540832297
1122.0045274079566	0.9882924441340943
1122.3378634079568	0.9938669102376402
1122.6711994079565	0.9896940178640204
1123.0045354079566	0.9881914233750685
1123.3378714079563	0.9903698086661183
1123.6712074079564	0.9941004273301425
1124.0045434079561	0.9848584665161435
1124.3378794079563	0.9918517723799645
1124.671215407956	0.9899186171897078
1125.0045514079561	0.9913583080614832
1125.3378874079558	0.9887273119680472
1125.671223407956	0.990532055132298
1126.0045594079556	0.990766884972451
1126.3378954079558	0.9925347244065309
1126.6712314079555	0.9902303609814922
1127.0045674079556	0.9906300250331763
1127.3379034079553	0.9902437075864624
1127.6712394079555	0.9894053156425835
1128.0045754079551	0.9933895788637213
1128.3379114079553	0.9932434461800898
1128.671247407955	0.9928915038588217
1129.0045834079551	0.9921970236026697
1129.3379194079548	0.9932443431311094
1129.671255407955	0.9938318042162021
1130.0045914079546	0.9958022354858231
1130.3379274079548	0.9947035926277494
1130.6712634079545	0.9940503544026569
1131.0045994079546	0.9999585183668235
1131.3379354079543	0.9947980929614046
1131.6712714079545	0.9996888118944574
1132.0046074079542	0.9983609101435663
1132.3379434079543	0.9996364566760712
1132.671279407954	0.997692320412103
1133.0046154079541	1.001163788211167
1133.3379514079538	0.9980522661746675
1133.671287407954	1.0021682394235938
1134.0046234079537	1.0021654720747164
1134.3379594079538	1.003501723183496
1134.6712954079535	1.0067198016452252
1135.0046314079536	1.0027205190541293
1135.3379674079533	1.0036130878039082
1135.6713034079535	1.0015473034825462
1136.0046394079532	1.0041185046100278
1136.3379754079533	1.0039620075956697
1136.671311407953	1.0049022142441066
1137.0046474079531	1.0031051363271748
1137.3379834079528	1.0020900711636525
1137.671319407953	1.0037425581924961
1138.0046554079527	1.0051419868212117
1138.3379914079528	1.006075015736664
1138.6713274079525	1.006006991206771
1139.0046634079526	1.0064242953376963
1139.3379994079523	1.008005676702514
1139.6713354079525	1.0054265069740045
1140.0046714079522	1.0078864341856113
1140.3380074079523	1.0070813645779915
1140.671343407952	1.0065277532751145
1141.0046794079522	1.006607323594979
1141.3380154079518	1.0079908403487943
1141.671351407952	1.006724936839313
1142.0046874079517	1.0055550377295024
1142.3380234079518	1.0026302295993357
1142.6713594079515	1.004252101167499
1143.0046954079517	1.0066890350315534
1143.3380314079513	1.0053865617725029
1143.6713674079515	1.0073285944115207
1144.0047034079512	1.006326953169681
1144.3380394079513	1.0037634816341485
1144.671375407951	1.0064425058479451
1145.0047114079512	1.0029611356626449
1145.3380474079509	1.0027754707792242
1145.671383407951	1.0053021949681684
1146.0047194079507	1.0048709602681525
1146.3380554079508	1.003978769725061
1146.6713914079505	1.0055327733209656
1147.0047274079507	1.0017397791729858
1147.3380634079504	1.0086711980399106
1147.6713994079505	1.0048821691141567
1148.0047354079502	1.0004662898153514
1148.3380714079503	1.0035824561433666
1148.67140740795	0.9978128309572187
1149.0047434079502	1.0009995105809282
1149.3380794079499	1.0015048000267401
1149.67141540795	1.0024636975487267
1150.0047514079497	0.9993270709971919
1150.3380874079498	1.0006297689930634
1150.6714234079495	1.000705045598512
1151.0047594079497	0.9972079326642106
1151.3380954079494	0.998220152260372
1151.6714314079495	0.9975493193091957
1152.0047674079492	1.0016485611933992
1152.3381034079493	0.9990109340276259
1152.671439407949	0.9986078918318924
1153.0047754079492	0.9965964856360283
1153.3381114079489	0.9981307997550675
1153.671447407949	0.9974231162425975
1154.0047834079487	0.997014407275176
1154.3381194079489	0.9982357499386446
1154.6714554079485	0.9980894613918898
1155.0047914079487	0.9958707007198156
1155.3381274079484	0.9976221280291421
1155.6714634079485	0.9956258999211923
1156.0047994079482	0.997904940042459
1156.3381354079484	1.0001908226565448
1156.671471407948	0.9959835972716272
1157.0048074079482	0.9952375044392121
1157.3381434079479	0.9984555655520931
1157.671479407948	0.9962499647234351
1158.0048154079477	0.9985263722196532
1158.3381514079479	0.9977500521955663
1158.6714874079476	0.9969066043253595
1159.0048234079477	0.9961699752645015
1159.3381594079474	0.9968009060720299
1159.6714954079475	1.0004720881786429
1160.0048314079472	0.9972687874264548
1160.3381674079474	0.996107451296165
1160.671503407947	0.9996188574948673
1161.0048394079472	0.998516941021974
1161.338175407947	0.9963301072544907
1161.671511407947	0.9995218029197962
1162.0048474079467	0.9984738010578411
1162.3381834079469	0.99913336491738
1162.6715194079466	0.9960194968581996
1163.0048554079467	1.001646459916601
1163.3381914079464	0.9961240939435959
1163.6715274079465	0.9991504107987216
1164.0048634079462	1.0024800522218271
1164.3381994079464	1.003425688511652
1164.671535407946	0.9988198483334123
1165.0048714079462	1.0029840500324805
1165.338207407946	1.0021151597164106
1165.671543407946	1.0044456779636461
1166.0048794079457	1.003954278443555
1166.3382154079459	1.0015832608046198
1166.6715514079456	1.0028733354281436
1167.0048874079457	1.0035702385381127
1167.3382234079454	1.0019763412356206
1167.6715594079456	1.0040793590351815
1168.0048954079452	1.004866556925465
1168.3382314079454	1.0071244064032694
1168.671567407945	1.001182990363557
1169.0049034079452	1.0105332256733808
1169.338239407945	1.0063728099595635
1169.671575407945	1.0043590369424498
1170.0049114079447	1.0066666692044706
1170.338247407945	1.0058404675229575
1170.6715834079446	1.0073271041627103
1171.0049194079447	1.0053515780501363
1171.3382554079444	1.008739583067775
1171.6715914079446	1.0066035709157575
1172.0049274079443	1.0078749765917356
1172.3382634079444	1.0071715411493587
1172.671599407944	1.0071863298990629
1173.0049354079442	1.00729641689914
1173.338271407944	1.0077482399038664
1173.671607407944	1.010453798944148
1174.0049434079438	1.011113616550337
1174.338279407944	1.005668954464527
1174.6716154079436	1.0080334274529354
1175.0049514079437	1.006979564214562
1175.3382874079434	1.008009855220217
1175.6716234079436	1.0109142287468664
1176.0049594079433	1.0064011930040162
1176.3382954079434	1.0109853345885347
1176.671631407943	1.0099461676330033
1177.0049674079432	1.007826422690382
1177.338303407943	1.0086893250502333
1177.671639407943	1.0110808839293484
1178.0049754079428	1.0049532511490986
1178.338311407943	1.0079819659875175
1178.6716474079426	1.0108614769478472
1179.0049834079427	1.0121150815726165
1179.3383194079424	1.0102643660304758
1179.6716554079426	1.0082081311605782
1180.0049914079423	1.009746433343085
1180.3383274079424	1.0101390268892767
1180.671663407942	1.0072996644416066
1181.0049994079423	1.0088518563486628
1181.338335407942	1.0090234385753112
1181.671671407942	1.0099853064952542
1182.0050074079418	1.0091324169760545
1182.338343407942	1.0085028809397318
1182.6716794079416	1.009032316963509
1183.0050154079418	1.0086688030967497
1183.3383514079414	1.0093345870216572
1183.6716874079416	1.0064333671003685
1184.0050234079413	1.0133716725283222
1184.3383594079414	1.0089757130857318
1184.6716954079411	1.0080139625794442
1185.0050314079413	1.0089047108421862
1185.338367407941	1.0073839157476772
1185.671703407941	1.011605983885414
1186.0050394079408	1.0064429370564323
1186.338375407941	1.0088470156851683
1186.6717114079406	1.007217247059486
1187.0050474079408	1.0077535694732496
1187.3383834079405	1.0067802382874704
1187.6717194079406	1.009558344110039
1188.0050554079403	1.0066390046991927
1188.3383914079404	1.0066368583917589
1188.6717274079401	1.0090653448341416
1189.0050634079403	1.0091379790234114
1189.33839940794	1.0058435359772486
1189.67173540794	1.0075058814420121
1190.0050714079398	1.0106188035052863
1190.33840740794	1.0053253480970699
1190.6717434079396	1.0069136426451484
1191.0050794079398	1.0050086760310242
1191.3384154079395	1.0065299498596951
