1569.452274659,1.000000000,1763.559814450,1767.3980,7.3788,0
1569.473107999,1.000000000,2023.484741210,1767.4020,7.3770,0
1569.493941342,1.000000000,2313.255371090,1767.4036,7.3758,0
1569.514774688,1.000000000,2663.649414060,1767.4000,7.3753,2048
1569.535608037,1.000000000,3474.299072270,1767.3987,7.3747,2048
1569.556441389,1.000000000,7068.782226560,1767.3986,7.3742,2048
1569.577274744,1.000000000,14884.964843750,1767.3994,7.3732,2048
1569.598108102,1.000000000,28598.994140620,1767.4158,7.3726,2048
1569.618941463,1.000000000,48799.625000000,1767.3913,7.3763,2048
1569.639774826,1.000000000,0.000000000,0.0000,0.0000,2048
1569.660608192,1.000000000,238.457214360,1768.5268,6.4675,2048
1569.681441561,1.000000000,0.000000000,0.0000,0.0000,2048
1569.702274932,1.000000000,0.000000000,0.0000,0.0000,2048
1569.723108305,1.000000000,0.000000000,0.0000,0.0000,2048
1569.743941681,1.000000000,0.000000000,0.0000,0.0000,2048
1569.764775059,1.000000000,0.000000000,0.0000,0.0000,2048
1569.785608439,1.000000000,0.000000000,0.0000,0.0000,2048
1569.806441821,1.000000000,0.000000000,0.0000,0.0000,2048
1569.827275206,1.000000000,0.000000000,0.0000,0.0000,2048
1569.848108592,1.000000000,0.000000000,0.0000,0.0000,2048
1569.868941980,1.000000000,0.000000000,0.0000,0.0000,2048
1569.889775370,1.000000000,0.000000000,0.0000,0.0000,2048
1569.910608762,1.000000000,0.000000000,0.0000,0.0000,2048
1569.931442155,1.000000000,0.000000000,0.0000,0.0000,2048
1569.952275550,1.000000000,0.000000000,1768.3414,8.6634,2048
1569.973108947,1.000000000,0.000000000,0.0000,0.0000,2048
1569.993942345,6976.105695458,56143.691406250,1767.5983,7.3696,2048
1570.014775744,314460.036141106,0.000000000,1767.3906,7.3262,2048
1570.035609145,77685.109816979,0.000000000,1767.3940,7.3244,2048
1570.056442547,319434.844520272,0.000000000,1767.3939,7.3355,2048
1570.077275951,266696.760221457,0.000000000,1767.3945,7.3449,2048
1570.098109356,1.000000000,62819.929687500,1767.4003,7.3350,2048
1570.118942761,1.000000000,46909.453125000,1767.3913,7.3217,2048
1570.139776168,1.000000000,28284.642578120,1767.3905,7.3128,2048
1570.160609576,295.521008378,20613.718750000,1767.3901,7.3074,2048
1570.181442985,396.411871506,16939.044921880,1767.3894,7.3054,2048
1570.202276395,332.514992780,13472.719726560,1767.3889,7.3067,2048
1570.223109806,1.000000000,10200.673828120,1767.3880,7.3106,2048
1570.243943218,1.000000000,7498.771972660,1767.3881,7.3079,2048
1570.264776630,29.473135179,5402.273437500,1767.3886,7.3133,2048
1570.285610043,25.660063809,3967.490234380,1767.3950,7.3125,2048
1570.306443457,1.000000000,2988.691650390,1767.3924,7.3139,2048
1570.327276872,1.000000000,2428.867187500,1767.3869,7.3164,2048
1570.348110288,1.000000000,2177.473388670,1767.3926,7.3172,2048
1570.368943704,1.000000000,1969.715820310,1767.3850,7.3185,2048
1570.389777121,1.000000000,1794.546386720,1767.3901,7.3197,2048
1570.410610538,1.000000000,1654.261962890,1767.3841,7.3178,2048
1570.431443956,1.000000000,1548.296508790,1767.3903,7.3230,0
1570.452277375,1.000000000,1463.149047850,1767.3840,7.3211,0
1570.473110793,17.762706833,1392.828491210,1767.3843,7.3247,0
1570.493944213,15.861232236,1334.771972660,1767.3830,7.3227,0
1570.514777633,20.308892464,1276.799560550,1767.3886,7.3257,0
1570.535611053,23.309371091,1225.429443360,1767.3877,7.3259,0
1570.556444474,27.671829429,1179.871459960,1767.3820,7.3274,0
1570.577277895,27.428360695,1138.067138670,1767.3820,7.3250,0
1570.598111317,34.594636846,1097.289306640,1767.3827,7.3273,0
1570.618944738,34.563761841,1057.318359380,1767.3821,7.3284,0
1570.639778161,38.729744504,1015.992065430,1767.3814,7.3281,0
1570.660611583,43.521947026,975.501220700,1767.3814,7.3294,0
1570.681445005,49.175606848,934.276306150,1767.3817,7.3298,0
1570.702278428,51.574438924,892.356018070,1767.3812,7.3298,0
1570.723111851,50.945731218,850.481323240,1767.3851,7.3306,0
1570.743945275,56.696367133,805.783142090,1767.3824,7.3318,0
1570.764778698,60.722127587,763.009887700,1767.3801,7.3324,0
1570.785612122,61.547557112,727.812072750,1767.3805,7.3328,0
1570.806445546,63.852854958,696.772094730,1767.3804,7.3330,0
1570.827278970,65.741281869,669.880798340,1767.3790,7.3340,0
1570.848112394,68.546056090,643.101684570,1767.3799,7.3340,0
1570.868945818,72.622457318,622.882019040,1767.3802,7.3343,0
1570.889779242,73.775653986,605.399291990,1767.3788,7.3356,0
1570.910612667,77.676715951,585.503173830,1767.3787,7.3358,0
1570.931446091,79.755072104,564.870727540,1767.3794,7.3366,0
1570.952279515,83.724401560,544.858093260,1767.3791,7.3365,0
1570.973112940,80.999457096,525.565551760,1767.3776,7.3374,0
1570.993946364,78.284562351,505.980102540,1767.3798,7.3382,0
1571.014779789,83.369823104,485.816772460,1767.3774,7.3375,0
1571.035613213,84.396433848,464.718444820,1767.3783,7.3388,0
1571.056446638,89.255019252,443.734436040,1767.3886,7.3773,0
1571.077280062,91.545695397,423.671142580,1767.3876,7.3760,0
1571.098113487,93.323401543,405.091186520,1767.3876,7.3761,0
1571.118946911,93.219019799,388.956787110,1767.3869,7.3759,0
1571.139780335,97.842661997,375.176177980,1767.3866,7.3772,0
1571.160613760,98.704528892,362.180847170,1767.3866,7.3769,0
1571.181447184,95.336793272,351.595214840,1767.3863,7.3776,0
1571.202280608,96.428858117,341.698852540,1767.3864,7.3784,0
1571.223114032,99.095475061,332.527404790,1767.3860,7.3776,0
1571.243947455,99.413081546,323.995056150,1767.3859,7.3785,0
1571.264780879,102.653209420,314.878875730,1767.3865,7.3792,0
1571.285614303,102.056166723,305.916503910,1767.3859,7.3789,0
1571.306447726,102.933897201,296.559875490,1767.3860,7.3797,0
1571.327281150,108.546757806,286.013000490,1767.3857,7.3797,0
1571.348114573,109.521217748,275.717041020,1767.3855,7.3809,0
1571.368947996,107.188316020,266.033172610,1767.3870,7.3816,0
1571.389781418,106.784624295,256.610900880,1767.3864,7.3811,0
1571.410614841,106.044566234,248.391723630,1767.3863,7.3811,0
1571.431448263,106.126483958,241.731750490,1767.3859,7.3810,0
1571.452281686,108.551771681,237.318206790,1767.3849,7.3808,0
1571.473115108,106.333888553,234.897827150,1767.3853,7.3816,0
1571.493948530,108.449075970,232.814971920,1767.3855,7.3816,0
1571.514781951,107.721672574,231.490219120,1767.3851,7.3824,0
1571.535615373,108.086834997,229.506988530,1767.3853,7.3823,0
1571.556448794,109.614009546,227.623519900,1767.3852,7.3822,0
1571.577282215,110.559715379,225.665817260,1767.3852,7.3831,0
1571.598115635,105.660431514,224.768463130,1767.3854,7.3834,0
1571.618949056,105.973147141,223.255645750,1767.3861,7.3849,0
1571.639782476,109.054266241,221.720977780,1767.3855,7.3842,0
1571.660615896,108.960869444,219.486419680,1767.3857,7.3841,0
1571.681449316,109.955657542,217.930557250,1767.3857,7.3838,0
1571.702282735,108.513077369,215.195312500,1767.3852,7.3840,0
1571.723116154,107.815518544,212.011795040,1767.3856,7.3842,0
1571.743949573,111.224304826,208.191741940,1767.3846,7.3841,0
1571.764782992,111.484088658,203.840454100,1767.3854,7.3847,0
1571.785616410,108.512161884,200.136108400,1767.3854,7.3853,0
1571.806449828,106.957440087,196.636367800,1767.3847,7.3847,0
1571.827283246,108.452034612,193.799575810,1767.3850,7.3854,0
1571.848116663,110.832675187,191.644500730,1767.3856,7.3873,0
1571.868950080,113.208519790,189.270019530,1767.3855,7.3857,0
1571.889783497,113.163809776,188.189743040,1767.3854,7.3865,0
1571.910616913,113.203537932,187.276519780,1767.3855,7.3863,0
1571.931450330,113.396127613,186.475891110,1767.3854,7.3858,0
1571.952283745,113.435131803,185.388412480,1767.3855,7.3865,0
1571.973117161,114.256545183,184.362884520,1767.3847,7.3862,0
1571.993950576,114.697280289,182.885406490,1767.3852,7.3868,0
1572.014783991,111.675128277,181.645538330,1767.3854,7.3867,0
1572.035617405,112.418315126,179.831710820,1767.3846,7.3868,0
1572.056450819,112.517602049,178.070220950,1767.3862,7.3885,0
1572.077284233,112.463561333,176.171142580,1767.3855,7.3872,0
1572.098117647,117.777401409,173.707000730,1767.3855,7.3871,0
1572.118951060,117.071851821,172.321197510,1767.3853,7.3870,0
1572.139784472,115.994231527,170.553573610,1767.3853,7.3874,0
1572.160617885,114.561776610,169.677734380,1767.3853,7.3874,0
1572.181451297,112.928374262,168.819183350,1767.3855,7.3873,0
1572.202284708,112.696056675,167.938369750,1767.3849,7.3875,0
1572.223118120,113.656165539,167.184356690,1767.3849,7.3885,0
1572.243951530,113.827328714,166.517410280,1767.3864,7.3893,0
1572.264784941,114.779005105,165.014831540,1767.3855,7.3880,0
1572.285618351,115.259250725,164.030136110,1767.3849,7.3878,0
1572.306451761,118.753125287,162.513427730,1767.3857,7.3887,0
1572.327285170,116.426806165,161.613632200,1767.3849,7.3882,0
1572.348118579,115.883915293,159.546600340,1767.3853,7.3881,0
1572.368951987,115.896509408,157.743255620,1767.3848,7.3885,0
1572.389785396,114.409984825,156.021408080,1767.3844,7.3881,0
1572.410618803,115.134537308,154.636245730,1767.3848,7.3889,0
1572.431452211,116.254753596,153.296875000,1767.3857,7.3911,0
1572.452285618,117.895314141,151.910095210,1767.3854,7.3892,0
1572.473119024,116.360661096,151.306915280,1767.3855,7.3891,0
1572.493952430,116.730941402,151.003540040,1767.3852,7.3892,0
1572.514785836,119.590831089,150.085662840,1767.3850,7.3891,0
1572.535619241,118.257532229,149.818298340,1767.3851,7.3885,0
1572.556452646,118.713573977,148.910308840,1767.3852,7.3893,0
1572.577286050,115.217722949,149.753448490,1767.3850,7.3895,0
1572.598119454,115.350220223,148.951019290,1767.3855,7.3902,0
1572.618952858,149.511588598,167.438537600,1767.3594,7.3766,32
1572.639786261,118.996469357,148.645156860,1767.3862,7.3900,0
1572.660619664,119.781791428,148.310394290,1767.3849,7.3892,0
1572.681453066,115.609894268,148.687866210,1767.3846,7.3893,0
1572.702286468,115.637826451,147.854309080,1767.3858,7.3901,0
1572.723119869,115.954338857,147.492828370,1767.3843,7.3892,0
1572.743953270,116.082280643,146.721649170,1767.3844,7.3889,0
1572.764786671,116.574955945,146.245040890,1767.3853,7.3913,0
1572.785620071,118.028244590,145.197265620,1767.3863,7.3906,0
1572.806453471,113.255438003,145.213195800,1767.3850,7.3893,0
1572.827286870,113.832607472,144.382476810,1767.3846,7.3896,0
1572.848120269,116.397432304,143.865478520,1767.3842,7.3893,0
1572.868953667,118.581229232,143.553558350,1767.3848,7.3893,0
1572.889787065,115.608811365,143.660873410,1767.3842,7.3897,0
1572.910620462,116.081134512,143.127990720,1767.3861,7.3911,0
1572.931453859,115.100692352,143.270385740,1767.3850,7.3903,0
1572.952287256,115.987430633,142.743316650,1767.3844,7.3897,0
1572.973120652,114.550376249,142.740356450,1767.3850,7.3909,0
1572.993954047,118.141938341,142.109191890,1767.3842,7.3881,0
1573.014787442,118.172733097,142.307815550,1767.3844,7.3908,0
1573.035620837,119.293471238,141.562133790,1767.3867,7.3918,0
1573.056454231,119.868843705,141.793319700,1767.3855,7.3907,0
1573.077287625,117.986656965,141.665496830,1767.3849,7.3895,0
1573.098121018,118.391265822,140.836853030,1767.3846,7.3889,0
1573.118954411,117.917447049,140.546768190,1767.3852,7.3902,0
1573.139787803,114.252306429,140.610351560,1767.3844,7.3901,0
1573.160621195,114.102702837,139.877670290,1767.3863,7.3920,0
1573.181454586,116.776253019,139.588790890,1767.3853,7.3904,0
1573.202287977,116.586004790,139.775909420,1767.3851,7.3898,0
1573.223121367,118.966879994,139.087829590,1767.3849,7.3909,0
1573.243954757,118.843013591,138.696914670,1767.3847,7.3893,0
1573.264788147,119.829291631,138.518890380,1767.3853,7.3920,0
1573.285621535,118.541720979,138.556930540,1767.3863,7.3921,0
1573.306454924,118.552978070,138.211639400,1767.3855,7.3900,0
1573.327288312,117.619188849,138.118301390,1767.3856,7.3912,0
1573.348121699,114.674637513,137.796508790,1767.3842,7.3899,0
1573.368955086,115.759034540,137.413589480,1767.3843,7.3902,0
1573.389788473,117.538755475,137.253631590,1767.3866,7.3932,0
1573.410621859,119.595283323,136.872344970,1767.3858,7.3910,0
1573.431455244,119.972289825,136.407318120,1767.3851,7.3906,0
1573.452288629,123.615689614,136.331024170,1767.3850,7.3911,0
1573.473122014,123.018253212,136.232086180,1767.3849,7.3910,0
1573.493955398,119.872790688,136.623199460,1767.3861,7.3918,0
1573.514788781,120.115584785,136.334198000,1767.3859,7.3919,0
1573.535622164,117.907267850,136.209289550,1767.3855,7.3909,0
1573.556455546,115.874122951,135.985992430,1767.3853,7.3911,0
1573.577288928,114.042983908,136.094360350,1767.3854,7.3912,0
1573.598122310,116.395712732,135.505935670,1767.3864,7.3926,0
1573.618955691,117.957492529,135.397186280,1767.3861,7.3919,0
1573.639789071,120.793283842,135.354064940,1767.3850,7.3907,0
1573.660622451,122.759935620,135.546508790,1767.3848,7.3910,0
1573.681455831,123.364978674,135.360870360,1767.3852,7.3905,0
1573.702289210,122.691325951,135.023651120,1767.3854,7.3913,0
1573.723122588,123.000219936,134.751754760,1767.3865,7.3924,0
1573.743955966,118.281957706,135.041961670,1767.3853,7.3913,0
1573.764789343,114.280722133,135.417053220,1767.3852,7.3912,0
1573.785622720,113.422617120,135.421096800,1767.3851,7.3908,0
1573.806456096,116.426913398,135.026489260,1767.3858,7.3913,0
1573.827289472,115.244285585,135.150695800,1767.3863,7.3926,0
1573.848122847,117.720077678,135.209732060,1767.3853,7.3911,0
1573.868956222,119.571694540,135.025878910,1767.3848,7.3906,0
1573.889789596,118.687747577,135.451171880,1767.3846,7.3909,0
1573.910622970,118.330435804,135.355468750,1767.3861,7.3924,0
1573.931456343,120.131126062,134.935333250,1767.3862,7.3921,0
1573.952289716,119.349485731,135.162338260,1767.3853,7.3912,0
1573.973123088,118.439600000,135.224090580,1767.3855,7.3913,0
1573.993956460,118.734035299,135.155410770,1767.3858,7.3911,0
1574.014789831,114.818990450,135.274749760,1767.3864,7.3927,0
1574.035623202,115.038645618,135.337844850,1767.3856,7.3919,0
1574.056456571,116.795320833,135.261123660,1767.3857,7.3917,0
1574.077289941,119.822407144,135.133834840,1767.3853,7.3919,0
1574.098123310,117.174175965,135.776229860,1767.3850,7.3907,0
1574.118956678,116.430345981,135.515594480,1767.3868,7.3923,0
1574.139790046,117.356517084,135.329895020,1767.3863,7.3923,0
1574.160623414,116.482890759,135.463653560,1767.3855,7.3908,0
1574.181456780,116.227830668,135.520980830,1767.3851,7.3911,0
1574.202290147,115.797177019,135.350006100,1767.3854,7.3915,0
1574.223123513,114.612190245,135.472595210,1767.3864,7.3930,0
1574.243956878,111.548581506,135.458404540,1767.3854,7.3913,0
1574.264790242,114.114885806,135.421752930,1767.3861,7.3905,0
1574.285623606,118.483540718,135.350616460,1767.3849,7.3912,0
1574.306456970,118.357501302,135.336608890,1767.3871,7.3926,0
1574.327290333,117.618123957,135.606689450,1767.3856,7.3922,0
1574.348123695,120.119330793,135.488784790,1767.3857,7.3908,0
1574.368957058,118.682604396,135.333251950,1767.3856,7.3907,0
1574.389790419,119.424106310,135.099777220,1767.3850,7.3908,0
1574.410623780,119.495678629,134.946365360,1767.3871,7.3933,0
1574.431457140,116.967310493,135.131317140,1767.3851,7.3910,0
1574.452290500,113.820794297,135.207946780,1767.3848,7.3908,0
1574.473123859,114.942412447,135.294342040,1767.3848,7.3913,0
1574.493957218,116.728450349,135.409820560,1767.3850,7.3908,0
1574.514790576,117.935768129,134.884201050,1767.3855,7.3914,0
1574.535623933,118.323138303,135.405975340,1767.3864,7.3923,0
1574.556457290,117.994448842,135.683120730,1767.3852,7.3909,0
1574.577290647,121.171569161,135.229400630,1767.3854,7.3905,0
1574.598124003,119.104337019,135.626770020,1767.3855,7.3908,0
1574.618957358,120.393016492,135.079299930,1767.3869,7.3920,0
1574.639790713,118.001865187,135.293609620,1767.3858,7.3912,0
1574.660624067,116.581442317,134.680114750,1767.3858,7.3906,0
1574.681457421,113.418915946,135.106048580,1767.3853,7.3911,0
1574.702290774,114.813995883,135.472015380,1767.3856,7.3904,0
1574.723124126,114.990625405,135.081817630,1767.3865,7.3925,0
1574.743957478,116.202406984,135.295654300,1767.3858,7.3905,0
1574.764790830,118.675793441,135.189956670,1767.3852,7.3908,0
1574.785624180,118.644468736,135.044738770,1767.3854,7.3912,0
1574.806457531,118.988979542,135.215332030,1767.3869,7.3924,0
1574.827290881,119.552042427,134.976440430,1767.3858,7.3907,0
1574.848124230,117.716942092,135.572937010,1767.3855,7.3902,0
1574.868957578,116.268688047,135.426666260,1767.3856,7.3913,0
1574.889790926,113.766880016,135.570739750,1767.3862,7.3927,0
1574.910624274,114.326424140,135.083984380,1767.3857,7.3904,0
1574.931457620,114.130509489,135.765274050,1767.3857,7.3903,0
1574.952290967,115.245593285,135.477691650,1767.3852,7.3904,0
1574.973124312,115.906954840,135.196334840,1767.3868,7.3928,0
1574.993957658,116.457792060,135.479568480,1767.3860,7.3907,0
1575.014791002,119.512557459,135.133041380,1767.3855,7.3907,0
1575.035624346,118.645146246,135.760894780,1767.3855,7.3902,0
1575.056457690,118.165569392,135.235336300,1767.3871,7.3926,0
1575.077291033,117.781371734,134.983688350,1767.3856,7.3905,0
1575.098124375,116.485533211,134.999237060,1767.3856,7.3909,0
1575.118957717,115.456216084,135.304260250,1767.3853,7.3907,0
1575.139791058,113.741991497,135.359405520,1767.3863,7.3922,0
1575.160624398,115.689248508,135.444610600,1767.3860,7.3915,0
1575.181457738,116.419868393,135.120285030,1767.3856,7.3902,0
1575.202291078,116.395244250,135.436950680,1767.3854,7.3901,0
1575.223124416,117.609496849,135.392791750,1767.3866,7.3918,0
1575.243957755,118.177058522,135.265014650,1767.3863,7.3913,0
1575.264791092,116.715679830,135.049118040,1767.3856,7.3901,0
1575.285624429,113.868116234,135.425827030,1767.3854,7.3900,0
1575.306457766,115.874904174,135.086181640,1767.3869,7.3919,0
1575.327291102,113.163926511,135.497589110,1767.3862,7.3907,0
1575.348124437,113.761534104,135.388977050,1767.3854,7.3901,0
1575.368957772,115.251802941,135.105346680,1767.3858,7.3910,0
1575.389791106,117.509374897,135.140960690,1767.3875,7.3919,0
1575.410624439,117.602919700,135.634490970,1767.3862,7.3907,0
1575.431457772,120.917517972,135.061126710,1767.3854,7.3903,0
1575.452291105,120.595717013,134.765167240,1767.3857,7.3901,0
1575.473124437,119.675049559,135.006622310,1767.3870,7.3926,0
1575.493957768,117.577245043,135.300628660,1767.3861,7.3903,0
1575.514791098,118.470200647,135.136047360,1767.3854,7.3902,0
1575.535624428,117.459216609,135.159286500,1767.3861,7.3910,0
1575.556457758,117.778446047,135.109222410,1767.3873,7.3913,0
1575.577291086,117.169712421,135.290878300,1767.3857,7.3903,0
1575.598124415,119.996387562,134.950836180,1767.3856,7.3904,0
1575.618957742,117.650916858,135.468872070,1767.3859,7.3913,0
1575.639791069,120.306707118,135.243911740,1767.3866,7.3910,0
1575.660624396,119.138595504,135.250259400,1767.3861,7.3903,0
1575.681457722,116.743514669,135.170486450,1767.3856,7.3901,0
1575.702291047,117.808817282,135.184890750,1767.3874,7.3920,0
1575.723124371,117.140873995,135.535552980,1767.3868,7.3909,0
1575.743957695,133.229776702,150.960311890,1767.3732,7.4123,32
1575.764791019,118.382604903,135.365753170,1767.3856,7.3909,0
1575.785624342,117.861757281,135.256301880,1767.3862,7.3915,0
1575.806457664,117.721253003,135.138000490,1767.3861,7.3902,0
1575.827290985,116.415999719,135.596939090,1767.3854,7.3894,0
1575.848124306,118.046966685,135.254394530,1767.3878,7.3923,0
1575.868957627,117.559501549,135.472290040,1767.3859,7.3911,0
1575.889790947,117.876402219,135.160293580,1767.3854,7.3891,0
1575.910624266,117.049850679,135.495986940,1767.3867,7.3912,0
1575.931457584,119.175244610,135.196838380,1767.3869,7.3910,0
1575.952290902,118.083545359,135.434967040,1767.3854,7.3890,0
1575.973124220,118.977267925,135.330261230,1767.3860,7.3914,0
1575.993957536,119.401655414,135.430450440,1767.3873,7.3900,0
1576.014790852,117.989866026,135.202850340,1767.3858,7.3897,0
1576.035624167,116.656714266,135.160858150,1767.3850,7.3891,0
1576.056457482,116.071466620,135.503692630,1767.3871,7.3915,0
1576.077290796,115.896860598,135.292907710,1767.3862,7.3899,0
1576.098124110,118.391637658,135.422561650,1767.3856,7.3899,0
1576.118957423,117.453264479,135.694747920,1767.3871,7.3917,0
1576.139790735,118.691637085,134.978454590,1767.3859,7.3897,0
1576.160624047,115.902786162,135.693328860,1767.3856,7.3908,0
1576.181457358,116.560702441,135.593704220,1767.3866,7.3903,0
1576.202290669,116.136850425,135.563705440,1767.3871,7.3912,0
1576.223123979,115.519649892,135.241043090,1767.3850,7.3886,0
1576.243957288,112.636120565,135.632217410,1767.3852,7.3882,0
1576.264790597,116.033445397,135.357070920,1767.3872,7.3916,0
1576.285623905,115.587224632,135.696166990,1767.3861,7.3896,0
1576.306457213,120.121714980,135.334808350,1767.3858,7.3899,0
1576.327290519,119.346241890,135.545776370,1767.3870,7.3908,0
1576.348123826,119.000011675,135.133911130,1767.3855,7.3885,0
1576.368957131,118.018640627,135.123657230,1767.3856,7.3902,0
1576.389790436,117.665302594,135.688568120,1767.3872,7.3910,0
1576.410623740,117.403427505,135.699096680,1767.3857,7.3903,0
1576.431457044,116.024384179,135.159606930,1767.3853,7.3885,0
1576.452290347,111.468573666,135.507049560,1767.3873,7.3894,0
1576.473123649,111.754409468,135.683746340,1767.3861,7.3899,0
1576.493956951,113.825042202,135.378585820,1767.3859,7.3894,0
1576.514790252,117.163559139,135.185531620,1767.3864,7.3904,0
1576.535623553,118.745189254,135.197875980,1767.3870,7.3898,0
1576.556456853,117.925988133,135.390594480,1767.3856,7.3883,0
1576.577290152,117.716867282,135.558212280,1767.3868,7.3900,0
1576.598123450,119.194187070,135.401962280,1767.3872,7.3894,0
1576.618956749,118.654797914,135.256164550,1767.3863,7.3882,0
1576.639790046,117.300425637,135.386779790,1767.3871,7.3904,0
1576.660623342,111.006183642,135.108978270,1767.3872,7.3903,0
1576.681456639,110.625517674,135.346206670,1767.3871,7.3885,0
1576.702289934,114.376402371,135.046417240,1767.3862,7.3889,0
1576.723123229,114.914813351,135.315963750,1767.3873,7.3911,0
1576.743956523,116.727998804,135.416900630,1767.3866,7.3889,0
1576.764789816,116.140210275,135.235260010,1767.3861,7.3890,0
1576.785623109,116.474636566,135.255859380,1767.3884,7.3907,0
1576.806456401,117.331235547,135.367935180,1767.3861,7.3884,0
1576.827289693,121.022110972,135.346481320,1767.3864,7.3891,0
1576.848122984,118.769063486,135.654373170,1767.3877,7.3895,0
1576.868956274,115.228036098,135.260391240,1767.3862,7.3891,0
1576.889789563,116.107855564,135.291458130,1767.3866,7.3886,0
1576.910622852,118.003171572,135.477783200,1767.3893,7.3897,0
1576.931456140,120.994353677,135.215408330,1767.3856,7.3884,0
1576.952289428,119.354130150,135.463455200,1767.3863,7.3878,0
1576.973122715,118.592374294,135.158248900,1767.3882,7.3897,0
1576.993956001,117.210914932,135.313140870,1767.3870,7.3886,0
1577.014789287,117.570980480,135.302658080,1767.3853,7.3887,0
1577.035622572,118.308801810,135.167297360,1767.3876,7.3907,0
1577.056455856,115.402932287,135.343063350,1767.3856,7.3885,0
1577.077289140,112.595297306,135.367004390,1767.3856,7.3879,0
1577.098122423,111.245094171,135.410659790,1767.3868,7.3890,0
1577.118955705,114.339601957,135.451782230,1767.3869,7.3895,0
1577.139788987,116.299861089,135.816833500,1767.3862,7.3877,0
1577.160622268,117.618757691,135.350875850,1767.3860,7.3884,0
1577.181455548,116.887334745,135.279388430,1767.3876,7.3903,0
1577.202288828,116.127987561,135.265457150,1767.3863,7.3881,0
1577.223122107,117.920571684,135.214157100,1767.3860,7.3884,0
1577.243955385,120.445845330,135.101104740,1767.3878,7.3897,0
1577.264788663,114.728416652,135.538818360,1767.3859,7.3889,0
1577.285621940,112.029993816,135.197814940,1767.3861,7.3879,0
1577.306455216,111.652421906,135.327026370,1767.3878,7.3899,0
1577.327288492,114.592480399,135.504394530,1767.3863,7.3886,0
1577.348121767,114.290252448,135.636489870,1767.3859,7.3884,0
1577.368955041,116.133742034,135.252044680,1767.3877,7.3897,0
1577.389788314,113.692121889,135.746612550,1767.3863,7.3885,0
1577.410621587,115.439536936,135.506347660,1767.3863,7.3881,0
1577.431454859,117.372673230,135.309112550,1767.3877,7.3896,0
1577.452288131,118.266937777,135.395248410,1767.3861,7.3879,0
1577.473121402,116.218756412,135.586578370,1767.3859,7.3873,0
1577.493954672,114.615956750,135.501266480,1767.3877,7.3902,0
1577.514787941,115.619472599,135.521148680,1767.3862,7.3879,0
1577.535621210,116.856235637,135.252807620,1767.3862,7.3881,0
1577.556454478,116.201346357,135.610031130,1767.3877,7.3891,0
1577.577287746,115.701606204,135.390335080,1767.3864,7.3883,0
1577.598121013,114.977603415,135.653900150,1767.3869,7.3894,0
1577.618954279,116.558121622,135.673217770,1767.3872,7.3892,0
1577.639787544,116.450141342,135.435180660,1767.3865,7.3873,0
1577.660620808,119.125092809,135.342926030,1767.3878,7.3884,0
1577.681454072,116.697138781,135.432403560,1767.3872,7.3890,0
1577.702287335,113.859790400,135.190475460,1767.3863,7.3880,0
1577.723120598,114.914863096,135.315185550,1767.3879,7.3894,0
1577.743953860,118.379638114,135.050811770,1767.3863,7.3872,0
1577.764787121,117.695633813,135.473312380,1767.3866,7.3877,0
1577.785620381,119.489453821,135.162750240,1767.3878,7.3897,0
1577.806453641,120.433229385,135.220825200,1767.3868,7.3876,0
1577.827286900,119.227643408,135.379577640,1767.3863,7.3870,0
1577.848120158,120.902325947,135.478393550,1767.3870,7.3894,0
1577.868953416,120.587463478,135.337371830,1767.3881,7.3874,0
1577.889786673,118.356734955,135.282928470,1767.3855,7.3879,0
1577.910619929,117.641882107,135.316375730,1767.3883,7.3891,0
1577.931453184,116.893935395,135.595764160,1767.3878,7.3872,0
1577.952286439,120.811872600,135.147476200,1767.3861,7.3879,0
1577.973119693,123.122574489,134.885787960,1767.3886,7.3888,0
1577.993952946,122.485556584,135.048950200,1767.3865,7.3875,0
1578.014786199,123.054739110,135.028900150,1767.3875,7.3876,0
1578.035619451,121.992539488,135.242233280,1767.3883,7.3896,0
1578.056452702,123.649217408,135.248138430,1767.3876,7.3866,0
1578.077285952,121.017632371,135.506210330,1767.3875,7.3878,0
1578.098119202,120.949824909,135.033813480,1767.3886,7.3886,0
1578.118952451,116.719489661,135.250930790,1767.3864,7.3867,0
1578.139785699,120.171354415,135.260711670,1767.3876,7.3885,0
1578.160618946,120.254155285,135.035278320,1767.3877,7.3883,0
1578.181452193,120.934589841,135.100341800,1767.3876,7.3861,0
1578.202285439,122.134917673,135.281997680,1767.3891,7.3889,0
1578.223118684,122.052496770,135.244171140,1767.3885,7.3864,0
1578.243951928,124.604736751,135.323760990,1767.3887,7.3868,0
1578.264785172,126.035269973,135.601959230,1767.3891,7.3883,0
1578.285618415,124.346696522,135.264846800,1767.3884,7.3867,0
1578.306451657,122.146596986,135.179290770,1767.3884,7.3859,0
1578.327284899,121.563544899,135.062164310,1767.3891,7.3890,0
1578.348118139,120.262144537,135.162567140,1767.3890,7.3864,0
1578.368951380,121.386255893,135.298934940,1767.3869,7.3874,0
1578.389784619,118.427773389,135.364028930,1767.3894,7.3884,0
1578.410617857,118.212899026,135.451568600,1767.3860,7.3870,0
1578.431451095,119.276576111,135.207946780,1767.3873,7.3877,0
1578.452284332,123.471234965,135.300613400,1767.3889,7.3880,0
1578.473117568,123.211170679,135.197296140,1767.3871,7.3867,0
1578.493950803,121.046180992,135.407745360,1767.3889,7.3887,0
1578.514784038,120.904535254,135.101486210,1767.3890,7.3879,0
1578.535617272,119.875451524,135.008163450,1767.3868,7.3865,0
1578.556450505,122.830255718,134.980072020,1767.3883,7.3891,0
1578.577283737,122.241543234,135.196563720,1767.3874,7.3874,0
1578.598116969,117.610445757,135.412048340,1767.3882,7.3865,0
1578.618950199,115.789164446,135.552062990,1767.3884,7.3889,0
1578.639783429,119.949058647,135.026535030,1767.3863,7.3861,0
1578.660616659,122.671500067,135.284194950,1767.3873,7.3878,0
1578.681449887,122.064199681,135.147537230,1767.3871,7.3868,0
1578.702283115,120.393150664,135.310668950,1767.3877,7.3871,0
1578.723116341,119.870484309,135.298645020,1767.3877,7.3888,0
1578.743949567,119.498347604,135.082580570,1767.3885,7.3865,0
1578.764782793,120.427424919,135.161254880,1767.3869,7.3870,0
1578.785616017,117.640363019,135.604644780,1767.3880,7.3891,0
1578.806449241,116.460978846,134.974365230,1767.3871,7.3884,0
1578.827282463,114.327181239,135.540847780,1767.3874,7.3887,0
1578.848115685,118.099439376,135.139053340,1767.3875,7.3867,0
1578.868948907,146.941380608,151.454040530,1767.3768,7.4074,32
1578.889782127,118.643565030,135.243164060,1767.3875,7.3876,0
1578.910615347,116.296013542,135.367355350,1767.3871,7.3872,0
1578.931448565,118.598624463,134.884689330,1767.3865,7.3871,0
1578.952281783,119.059020148,134.896728520,1767.3882,7.3885,0
1578.973115001,118.990996068,135.025543210,1767.3867,7.3871,0
1578.993948217,117.352688622,135.274581910,1767.3875,7.3887,0
1579.014781432,115.078111965,135.065322880,1767.3880,7.3885,0
1579.035614647,113.783491456,135.571182250,1767.3865,7.3863,0
1579.056447861,117.073513450,135.108886720,1767.3880,7.3876,0
1579.077281073,113.993105172,135.152099610,1767.3869,7.3859,0
1579.098114286,117.224766408,134.992950440,1767.3861,7.3876,0
1579.118947497,117.527928089,135.790802000,1767.3874,7.3896,0
1579.139780707,118.639663985,135.546081540,1767.3859,7.3850,0
1579.160613917,119.256098180,135.683471680,1767.3869,7.3868,0
1579.181447125,119.925437641,135.365234380,1767.3883,7.3882,0
1579.202280333,118.064896844,135.072036740,1767.3866,7.3868,0
1579.223113540,117.640125731,134.855651860,1767.3868,7.3872,0
1579.243946746,118.009841756,134.921173100,1767.3879,7.3873,0
1579.264779952,111.978531550,135.363098140,1767.3866,7.3870,0
1579.285613156,113.480837429,134.966461180,1767.3873,7.3868,0
1579.306446359,111.780451636,135.577590940,1767.3877,7.3873,0
1579.327279562,113.592104052,135.513885500,1767.3861,7.3853,0
1579.348112764,117.876351192,135.671417240,1767.3876,7.3882,0
1579.368945965,119.626149504,135.479385380,1767.3865,7.3856,0
1579.389779165,119.067681205,135.695343020,1767.3870,7.3866,0
1579.410612364,117.465292376,135.004577640,1767.3883,7.3874,0
1579.431445562,116.494475938,135.573074340,1767.3865,7.3849,0
1579.452278759,115.319748880,135.495574950,1767.3877,7.3882,0
1579.473111955,111.904822834,135.400466920,1767.3868,7.3847,0
1579.493945151,110.024591301,135.253829960,1767.3870,7.3864,0
1579.514778345,108.589518647,135.620803830,1767.3876,7.3857,0
1579.535611539,111.589962593,135.133132930,1767.3869,7.3853,0
1579.556444732,114.903642434,135.207199100,1767.3883,7.3865,0
1579.577277923,116.536486432,135.521575930,1767.3871,7.3862,0
1579.598111114,116.933302646,135.372177120,1767.3874,7.3855,0
1579.618944304,115.728120512,135.559539790,1767.3883,7.3867,0
1579.639777493,117.501998163,135.262390140,1767.3881,7.3857,0
1579.660610681,118.272196932,135.163162230,1767.3889,7.3872,0
1579.681443868,112.333926655,135.345245360,1767.3889,7.3856,0
1579.702277054,108.449753194,135.546951290,1767.3869,7.3861,0
1579.723110239,108.501771266,135.308242800,1767.3893,7.3869,0
1579.743943423,109.064756980,135.670303340,1767.3874,7.3876,0
1579.764776607,114.510324137,135.524780270,1767.3880,7.3857,0
1579.785609789,117.779311705,135.293975830,1767.3889,7.3865,0
1579.806442970,119.061855922,135.167068480,1767.3883,7.3850,0
1579.827276150,118.774470774,135.561386110,1767.3906,7.3870,0
1579.848109329,121.656133077,135.041351320,1767.3881,7.3852,0
1579.868942508,117.259524300,135.519500730,1767.3879,7.3853,0
1579.889775685,113.845249180,135.089569090,1767.3886,7.3872,0
1579.910608861,110.730063253,134.940155030,1767.3890,7.3846,0
1579.931442036,109.280251039,135.129287720,1767.3894,7.3867,0
1579.952275210,110.471979496,135.201538090,1767.3878,7.3846,0
1579.973108384,113.623773419,135.627456670,1767.3888,7.3839,0
1579.993941556,116.934179324,135.423065190,1767.3883,7.3857,0
1580.014774727,120.392886755,134.949554440,1767.3880,7.3843,0
1580.035607897,119.723271596,135.356536870,1767.3888,7.3867,0
1580.056441066,121.167888545,135.113861080,1767.3888,7.3836,0
1580.077274234,119.079989588,135.167678830,1767.3880,7.3848,0
1580.098107401,115.605913025,135.405517580,1767.3889,7.3859,0
1580.118940567,112.428646931,135.194152830,1767.3870,7.3844,0
1580.139773731,109.888936924,135.279541020,1767.3883,7.3862,0
1580.160606895,111.821926980,134.980804440,1767.3875,7.3855,0
1580.181440057,113.872147754,135.211425780,1767.3884,7.3842,0
1580.202273219,116.296874730,135.453033450,1767.3897,7.3860,0
1580.223106379,118.242250762,135.175415040,1767.3876,7.3857,0
1580.243939538,116.917486959,135.390899660,1767.3886,7.3864,0
1580.264772696,120.034872638,135.009323120,1767.3870,7.3851,0
1580.285605853,117.652528190,135.189819340,1767.3873,7.3843,0
1580.306439009,115.344860465,135.289428710,1767.3897,7.3854,0
1580.327272164,111.449128302,135.223724370,1767.3887,7.3840,0
1580.348105317,110.423786682,135.413970950,1767.3888,7.3857,0
1580.368938470,111.679106840,134.947509770,1767.3891,7.3845,0
1580.389771621,112.323132840,135.359985350,1767.3882,7.3833,0
1580.410604771,114.002136901,135.498031620,1767.3884,7.3861,0
1580.431437920,114.865262128,135.571411130,1767.3870,7.3842,0
1580.452271067,115.885035995,135.227478030,1767.3906,7.3856,0
1580.473104213,117.938652101,135.249725340,1767.3868,7.3841,0
1580.493937358,117.208545338,135.348037720,1767.3892,7.3839,0
1580.514770502,116.279387643,135.021362300,1767.3896,7.3854,0
1580.535603645,113.668921659,135.377304080,1767.3875,7.3841,0
1580.556436786,114.033970999,135.271972660,1767.3895,7.3856,0
1580.577269927,112.864369552,135.327758790,1767.3888,7.3837,0
1580.598103066,113.221546854,134.853042600,1767.3891,7.3842,0
1580.618936203,114.536197282,135.016204830,1767.3873,7.3857,0
1580.639769339,114.816046347,135.260787960,1767.3878,7.3830,0
1580.660602474,116.603782851,135.190795900,1767.3888,7.3855,0
1580.681435608,119.393161402,134.974761960,1767.3887,7.3839,0
1580.702268740,118.319343692,134.933746340,1767.3874,7.3851,0
1580.723101871,115.964829021,135.246887210,1767.3885,7.3840,0
1580.743935001,113.141217546,135.489318850,1767.3873,7.3838,0
1580.764768129,113.130431603,135.157821660,1767.3889,7.3854,0
1580.785601256,111.266701094,135.101562500,1767.3874,7.3833,0
1580.806434382,110.255070681,135.138519290,1767.3879,7.3860,0
1580.827267506,111.323539974,135.123352050,1767.3883,7.3840,0
1580.848100628,110.578206064,135.352050780,1767.3873,7.3833,0
1580.868933749,112.882748709,135.263626100,1767.3887,7.3849,0
1580.889766869,112.491317689,135.217651370,1767.3876,7.3834,0
1580.910599988,115.112349984,134.870025630,1767.3888,7.3853,0
1580.931433104,113.547957882,135.054183960,1767.3870,7.3837,0
1580.952266220,114.004815479,135.349212650,1767.3884,7.3837,0
1580.973099333,113.855133274,135.382873540,1767.3891,7.3845,0
1580.993932446,114.808522517,135.093582150,1767.3884,7.3828,0
1581.014765556,113.036654658,135.067840580,1767.3890,7.3842,0
1581.035598666,110.442936166,135.372924800,1767.3878,7.3836,0
1581.056431773,113.720810947,135.037017820,1767.3885,7.3838,0
1581.077264879,113.989736043,135.311157230,1767.3881,7.3844,0
1581.098097984,115.132328457,135.375503540,1767.3876,7.3828,0
1581.118931086,117.569524031,134.931640620,1767.3888,7.3842,0
1581.139764188,117.398386474,135.321441650,1767.3873,7.3831,0
1581.160597287,116.912531401,135.260635380,1767.3887,7.3833,0
1581.181430385,116.243843208,135.202789310,1767.3884,7.3838,0
1581.202263481,115.802322081,135.138702390,1767.3876,7.3822,0
1581.223096575,113.310694130,135.637268070,1767.3892,7.3849,0
1581.243929668,115.780315319,134.829528810,1767.3875,7.3813,0
1581.264762758,114.134153991,135.175262450,1767.3888,7.3842,0
1581.285595847,113.629909294,135.578903200,1767.3875,7.3826,0
1581.306428935,115.485440704,135.071823120,1767.3881,7.3831,0
1581.327262020,115.960133856,134.949890140,1767.3884,7.3837,0
1581.348095103,115.151153297,135.635955810,1767.3875,7.3820,0
1581.368928185,118.237061546,135.160995480,1767.3893,7.3828,0
1581.389761265,118.444145739,135.022338870,1767.3875,7.3815,0
1581.410594342,117.541744494,135.209350590,1767.3884,7.3827,0
1581.431427418,117.013986663,135.073272710,1767.3879,7.3813,0
1581.452260492,114.303550323,135.284469600,1767.3882,7.3827,0
1581.473093564,113.909434546,135.469451900,1767.3882,7.3818,0
1581.493926633,117.447724791,135.261138920,1767.3879,7.3809,0
1581.514759701,117.801972927,135.197982790,1767.3885,7.3831,0
1581.535592767,118.246805262,134.983505250,1767.3870,7.3806,0
1581.556425830,120.472279538,135.014266970,1767.3889,7.3823,0
1581.577258892,120.031389063,134.874298100,1767.3875,7.3810,0
1581.598091951,120.104258964,134.924865720,1767.3870,7.3810,0
1581.618925008,120.927713134,135.109115600,1767.3885,7.3815,0
1581.639758063,118.216863344,135.154006960,1767.3865,7.3797,0
1581.660591115,114.822178923,135.536102290,1767.3883,7.3818,0
1581.681424166,116.964661420,135.426574710,1767.3868,7.3792,0
1581.702257214,115.735544711,135.578979490,1767.3869,7.3803,0
1581.723090260,116.455192068,135.242172240,1767.3876,7.3804,0
1581.743923303,116.963173700,135.540603640,1767.3867,7.3787,0
1581.764756344,118.733864700,135.348663330,1767.3872,7.3803,0
1582.785572924,81.822801300,409.044311520,1767.3830,7.4021,0
1582.806405909,71.139076002,461.459960940,1767.3856,7.4025,0
1582.827238897,66.562398673,515.028625490,1767.3869,7.4025,0
1582.848071887,63.168616906,568.605712890,1767.3848,7.3985,0
1582.868904879,55.493867387,623.502319340,1767.3844,7.3987,0
1582.889737874,46.747082543,679.586975100,1767.3855,7.4004,0
1582.910570872,39.296497193,737.532104490,1767.3821,7.4000,0
1582.931403873,35.933064089,800.944274900,1767.3827,7.4002,0
1582.952236877,26.043939871,877.709228520,1767.3816,7.3980,0
1582.973069883,15.735171619,969.578491210,1767.3799,7.3976,0
1582.993902892,4.278003347,1074.961425780,1767.3809,7.3983,0
1583.014735904,1.000000000,1200.979736330,1767.3788,7.3961,0
1583.035568919,1.000000000,1354.043212890,1767.3837,7.3967,0
1583.056401937,1.000000000,1536.531738280,1767.3777,7.3940,0
1583.077234957,1.000000000,1738.467407230,1767.3762,7.3940,0
1583.098067980,1.000000000,1958.962158200,1767.3811,7.3921,2048
1583.118901006,1.000000000,2224.141113280,1767.3798,7.3906,2048
1583.139734035,1.000000000,2752.663818360,1767.3815,7.3904,2048
1583.160567066,1.000000000,4815.298828120,1767.3753,7.3854,2048
1583.181400100,1.000000000,9652.074218750,1767.3871,7.3856,2048
1583.202233136,1.000000000,19053.601562500,1767.3789,7.3812,2048
1583.223066174,1.000000000,32787.222656250,1767.4000,7.3821,2048
1583.243899216,1.000000000,51075.195312500,1767.3873,7.3757,2048
1583.264732259,1.000000000,0.000000000,0.0000,0.0000,2048
1583.285565305,1.000000000,28.000000000,1767.5622,7.4224,2048
1583.306398352,1.000000000,135.022308350,1767.6118,6.8141,2048
1583.327231402,1.000000000,69.000000000,1769.1517,6.1602,2048
1583.348064454,1.000000000,0.000000000,0.0000,0.0000,2048
1583.368897508,1.000000000,0.000000000,0.0000,0.0000,2048
1583.389730564,1.000000000,0.000000000,0.0000,0.0000,2048
1583.410563622,1.000000000,0.000000000,0.0000,0.0000,2048
1583.431396682,1.000000000,0.000000000,0.0000,0.0000,2048
1583.452229743,1.000000000,0.000000000,0.0000,0.0000,2048
1583.473062806,1.000000000,0.000000000,0.0000,0.0000,2048
1583.493895871,1.000000000,0.000000000,0.0000,0.0000,2048
1583.514728938,1.000000000,0.000000000,0.0000,0.0000,2048
1583.535562005,1.000000000,0.000000000,0.0000,0.0000,2048
1583.556395075,1.000000000,0.000000000,0.0000,0.0000,2048
1583.577228146,4510.877320253,0.000000000,1767.5267,7.2842,2048
1583.598061218,314677.488988878,0.000000000,1767.3914,7.3338,2048
1583.618894291,293984.396206680,0.000000000,1767.3788,7.3320,2048
1583.639727366,279486.647332879,0.000000000,1767.3790,7.3328,2048
1583.660560442,272791.860625526,0.000000000,1767.3780,7.3267,2048
1583.681393519,1.000000000,79303.820312500,1767.3845,7.3397,2048
1583.702226597,1.000000000,70318.476562500,1767.3842,7.3486,2048
1583.723059677,1.000000000,61112.890625000,1767.3811,7.3586,2048
1583.743892757,1.000000000,49112.824218750,1767.3978,7.3430,2048
1583.764725838,1.000000000,31609.857421880,1767.3782,7.3374,2048
1583.785558921,1.000000000,19932.503906250,1767.3756,7.3232,2048
1583.806392004,1.000000000,15281.548828120,1767.3754,7.3210,2048
1583.827225088,1.000000000,12516.158203120,1767.3777,7.3239,2048
1583.848058173,1.000000000,9770.449218750,1767.3846,7.3246,2048
1583.868891259,1.000000000,7502.413085940,1767.3855,7.3272,2048
1583.889724346,1.000000000,5746.406250000,1767.3825,7.3261,2048
1583.910557433,1.000000000,4498.059082030,1767.3839,7.3296,2048
1583.931390521,1.000000000,3631.237060550,1767.3811,7.3293,2048
1583.952223610,1.000000000,3038.161621090,1767.3823,7.3330,2048
1583.973056699,1.000000000,2785.592773440,1767.3798,7.3323,2048
1583.993889789,1.000000000,2587.995117190,1767.3815,7.3352,2048
1584.014722879,1.000000000,2408.880615230,1767.3786,7.3336,2048
1584.035555970,1.000000000,2248.377441410,1767.3798,7.3366,2048
1584.056389062,1.000000000,2109.082763670,1767.3790,7.3376,2048
1584.077222154,1.000000000,1984.025756840,1767.3783,7.3381,0
1584.098055247,1.000000000,1863.138671880,1767.3773,7.3375,0
1584.118888340,1.000000000,1749.400634770,1767.3770,7.3394,0
1584.139721433,1.000000000,1647.676025390,1767.3777,7.3404,0
1584.160554527,1.000000000,1556.767333980,1767.3769,7.3396,0
1584.181387621,1.000000000,1477.075927730,1767.3776,7.3419,0
1584.202220716,8.161474950,1404.942016600,1767.3750,7.3404,0
1584.223053811,14.392765582,1337.890136720,1767.3767,7.3438,0
1584.243886906,19.690114246,1273.690185550,1767.3754,7.3424,0
1584.264720002,28.548183262,1211.582519530,1767.3759,7.3446,0
1584.285553098,25.657557095,1150.555419920,1767.3743,7.3437,0
1584.306386194,32.530404233,1087.040283200,1767.3745,7.3457,0
1584.327219290,32.447317319,1023.614257810,1767.3740,7.3447,0
1584.348052387,41.212244908,958.787597660,1767.3741,7.3463,0
1584.368885483,47.341181449,895.463256840,1767.3733,7.3469,0
1584.389718580,47.431355920,840.698974610,1767.3729,7.3468,0
1584.410551678,49.167520100,795.251403810,1767.3731,7.3482,0
1584.431384775,54.489805286,758.362854000,1767.3714,7.3464,0
1584.452217872,59.088687585,728.300781250,1767.3693,7.3493,0
1584.473050970,64.650145109,701.947448730,1767.3677,7.3483,0
1584.493884068,68.026726990,679.145690920,1767.3690,7.3513,0
1584.514717166,69.249004099,658.326538090,1767.3674,7.3479,0
1584.535550264,67.038527121,639.280761720,1767.3690,7.3526,0
1584.556383362,69.923315384,620.567443850,1767.3673,7.3493,0
1584.577216460,70.920036754,602.874328610,1767.3676,7.3518,0
1584.598049558,71.701483287,586.540588380,1767.3673,7.3504,0
1584.618882656,73.806895124,571.197753910,1767.3664,7.3521,0
1584.639715754,73.882413840,558.414489750,1767.3676,7.3516,0
1584.660548852,75.437690474,545.087402340,1767.3693,7.3533,0
1584.681381951,77.283924577,530.050415040,1767.3670,7.3534,0
1584.702215049,82.438978917,511.927734380,1767.3669,7.3524,0
1584.723048147,79.780329196,494.032592770,1767.3689,7.3688,0
1584.743881245,79.211512139,475.371948240,1767.3723,7.3958,0
1584.764714343,81.339396908,458.332580570,1767.3734,7.3981,0
1584.785547441,82.245646733,445.292144780,1767.3721,7.3966,0
1584.806380539,84.954161941,433.628143310,1767.3729,7.3987,0
1584.827213637,87.219740057,423.260986330,1767.3723,7.3962,0
1584.848046735,89.768972034,416.758941650,1767.3728,7.3987,0
1584.868879833,89.870315017,412.542236330,1767.3720,7.3979,0
1584.889712930,91.815379156,408.076629640,1767.3726,7.3991,0
1584.910546028,93.461074995,401.532257080,1767.3717,7.3982,0
1584.931379125,92.009635028,394.694824220,1767.3721,7.3992,0
1584.952212223,91.514568434,386.761474610,1767.3719,7.3994,0
1584.973045320,90.836268217,378.842010500,1767.3722,7.3992,0
1584.993878417,93.785747453,370.323181150,1767.3720,7.4003,0
1585.014711514,92.553813986,361.130432130,1767.3710,7.3993,0
1585.035544611,95.068743065,352.114074710,1767.3723,7.4012,0
1585.056377707,96.633658942,343.173400880,1767.3713,7.3995,0
1585.077210804,99.866496892,334.245330810,1767.3731,7.4022,0
1585.098043900,102.004514236,325.186187740,1767.3711,7.3995,0
1585.118876996,101.671737169,316.236053470,1767.3720,7.4019,0
1585.139710092,99.966787503,307.560913090,1767.3706,7.4007,0
1585.160543188,99.172496957,299.472351070,1767.3723,7.4025,0
1585.181376284,98.600685888,292.360260010,1767.3710,7.4016,0
1585.202209379,98.407815669,285.529510500,1767.3720,7.4027,0
1585.223042474,97.525188858,279.670318600,1767.3708,7.4017,0
1585.243875569,102.119833020,273.829711910,1767.3707,7.4033,0
1585.264708664,107.126017513,269.175506590,1767.3709,7.4028,0
1585.285541758,110.389628553,264.655212400,1767.3706,7.4032,0
1585.306374852,108.016186377,260.322143550,1767.3715,7.4040,0
1585.327207947,104.772081477,254.561889650,1767.3704,7.4027,0
1585.348041040,104.971490540,248.847351070,1767.3717,7.4053,0
1585.368874134,105.888742793,242.235702510,1767.3704,7.4035,0
1585.389707227,103.804327692,236.175720210,1767.3715,7.4055,0
1585.410540320,102.453116110,230.106002810,1767.3703,7.4037,0
1585.431373413,103.218256748,225.271163940,1767.3718,7.4056,0
1585.452206505,105.586083278,221.345123290,1767.3697,7.4040,0
1585.473039597,110.632793869,217.586059570,1767.3707,7.4053,0
1585.493872689,111.061686485,214.547851560,1767.3701,7.4044,0
1585.514705781,108.635269979,211.637847900,1767.3703,7.4045,0
1585.535538873,107.790089369,208.871200560,1767.3710,7.4051,0
1585.556371964,107.897279846,205.997238160,1767.3699,7.4043,0
1585.577205054,109.502710167,203.684280400,1767.3710,7.4062,0
1585.598038145,107.362336903,202.097137450,1767.3699,7.4043,0
1585.618871235,107.674226351,200.619110110,1767.3706,7.4058,0
1585.639704325,108.218198502,199.529144290,1767.3702,7.4060,0
1585.660537415,109.744517138,198.686340330,1767.3709,7.4069,0
1585.681370504,111.911613170,198.128005980,1767.3702,7.4063,0
1585.702203593,113.983323531,196.480987550,1767.3708,7.4077,0
1585.723036682,113.137353620,194.351104740,1767.3706,7.4073,0
1585.743869770,111.166744601,192.076278690,1767.3703,7.4061,0
1585.764702858,110.472327477,190.004425050,1767.3711,7.4078,0
1585.785535946,110.695308766,187.699478150,1767.3706,7.4073,0
1585.806369033,111.653517112,186.103546140,1767.3711,7.4089,0
1585.827202120,107.405225684,184.998931880,1767.3698,7.4073,0
1585.848035207,110.283857394,184.011947630,1767.3711,7.4098,0
1585.868868293,112.067335933,183.251312260,1767.3696,7.4069,0
1585.889701379,115.540236456,183.004425050,1767.3711,7.4088,0
1585.910534464,114.271488359,182.974700930,1767.3707,7.4090,0
1585.931367550,159.490813053,201.273712160,1767.3481,7.3957,32
1585.952200634,109.933036515,182.122161870,1767.3692,7.4067,0
1585.973033719,111.036263797,181.357482910,1767.3710,7.4094,0
1585.993866803,110.456095670,180.322586060,1767.3697,7.4081,0
1586.014699887,110.216610753,179.161956790,1767.3700,7.4085,0
1586.035532971,107.710926106,177.909835820,1767.3696,7.4067,0
1586.056366054,111.889268870,175.827377320,1767.3708,7.4077,0
1586.077199136,111.912111020,174.572570800,1767.3695,7.4092,0
1586.098032219,116.516812685,172.405807500,1767.3710,7.4063,0
1586.118865301,115.680051155,170.381179810,1767.3710,7.4084,0
1586.139698382,113.116782622,169.023788450,1767.3685,7.4091,0
1586.160531463,112.925130209,167.681518550,1767.3713,7.4103,0
1586.181364544,113.439091574,166.579086300,1767.3689,7.4080,0
1586.202197625,116.713024632,165.450317380,1767.3713,7.4101,0
1586.223030705,114.420566068,164.631378170,1767.3695,7.4083,0
1586.243863784,112.296697393,163.788909910,1767.3706,7.4086,0
1586.264696864,112.953309461,162.969589230,1767.3688,7.4089,0
1586.285529943,115.275697848,161.861022950,1767.3713,7.4112,0
1586.306363021,115.177544644,161.344421390,1767.3692,7.4069,0
1586.327196099,110.948567689,160.835571290,1767.3712,7.4105,0
1586.348029177,110.250579275,159.527206420,1767.3700,7.4094,0
1586.368862254,109.366703014,158.650634770,1767.3703,7.4089,0
1586.389695331,115.424241153,157.151763920,1767.3704,7.4086,0
1586.410528407,117.166394011,156.048553470,1767.3704,7.4123,0
1586.431361483,114.492680716,155.245178220,1767.3702,7.4086,0
1586.452194559,113.816975301,154.393310550,1767.3706,7.4107,0
1586.473027634,115.024094746,153.837860110,1767.3693,7.4103,0
1586.493860709,117.154500308,153.423172000,1767.3705,7.4093,0
1586.514693783,115.242683884,152.936950680,1767.3700,7.4094,0
1586.535526857,114.177507998,152.615890500,1767.3687,7.4099,0
1586.556359930,112.725613604,152.355377200,1767.3725,7.4113,0
1586.577193003,111.145021963,152.198486330,1767.3692,7.4102,0
1586.598026076,113.648824484,152.112670900,1767.3711,7.4119,0
1586.618859148,111.927848566,151.595321660,1767.3695,7.4095,0
1586.639692220,112.606626512,151.478515620,1767.3712,7.4117,0
1586.660525291,114.617518069,151.435409550,1767.3688,7.4092,0
1586.681358362,113.816978446,151.045806880,1767.3712,7.4119,0
1586.702191433,117.018708332,150.849517820,1767.3691,7.4086,0
1586.723024503,114.815735444,150.862136840,1767.3711,7.4116,0
1586.743857573,112.127724307,150.516708370,1767.3687,7.4089,0
1586.764690642,112.193602164,149.863433840,1767.3710,7.4120,0
1586.785523710,112.875018889,149.263336180,1767.3695,7.4096,0
1586.806356779,113.334258616,148.603607180,1767.3707,7.4123,0
1586.827189846,111.324266934,148.398406980,1767.3698,7.4106,0
1586.848022914,110.969128679,148.419586180,1767.3707,7.4126,0
1586.868855981,113.055454432,147.643829350,1767.3695,7.4100,0
1586.889689047,114.714177611,147.502090450,1767.3706,7.4125,0
1586.910522113,115.823183041,147.178710940,1767.3702,7.4100,0
1586.931355179,113.994100496,147.322143550,1767.3703,7.4111,0
1586.952188244,110.785523952,147.189208980,1767.3690,7.4098,0
1586.973021308,111.837663174,146.709564210,1767.3710,7.4122,0
1586.993854373,112.279373324,146.074340820,1767.3695,7.4108,0
1587.014687436,113.027806644,145.726425170,1767.3701,7.4120,0
1587.035520500,111.354231237,145.522674560,1767.3696,7.4104,0
1587.056353562,112.589588540,145.643341060,1767.3701,7.4126,0
1587.077186625,117.943958577,144.521926880,1767.3701,7.4118,0
1587.098019687,119.310342384,144.567047120,1767.3704,7.4113,0
1587.118852748,118.181632281,144.673370360,1767.3703,7.4120,0
1587.139685809,116.310000073,143.820098880,1767.3696,7.4113,0
1587.160518869,113.806064141,143.607360840,1767.3710,7.4131,0
1587.181351929,112.925316383,142.563323970,1767.3696,7.4111,0
1587.202184989,111.262802807,142.799880980,1767.3708,7.4125,0
1587.223018048,109.368966450,142.543167110,1767.3695,7.4114,0
1587.243851106,107.742166457,142.361679080,1767.3704,7.4115,0
1587.264684164,110.911916056,142.033203120,1767.3696,7.4121,0
1587.285517222,114.303447151,141.889648440,1767.3705,7.4124,0
1587.306350279,115.379152343,142.080078120,1767.3693,7.4115,0
1587.327183336,116.001949518,141.751983640,1767.3712,7.4128,0
1587.348016392,116.101076881,141.484527590,1767.3691,7.4117,0
1587.368849447,115.753086474,140.830108640,1767.3713,7.4129,0
1587.389682503,114.362638879,140.886093140,1767.3694,7.4107,0
1587.410515557,112.435890530,140.672485350,1767.3710,7.4133,0
1587.431348612,107.941325793,141.172943120,1767.3691,7.4116,0
1587.452181665,107.420938911,140.527954100,1767.3708,7.4135,0
1587.473014718,107.445444775,140.415634160,1767.3691,7.4107,0
1587.493847771,111.864299653,140.664764400,1767.3710,7.4136,0
1587.514680824,117.179547337,140.315475460,1767.3695,7.4110,0
1587.535513875,119.086628505,140.213653560,1767.3708,7.4134,0
1587.556346926,118.761826441,139.947296140,1767.3692,7.4106,0
1587.577179977,115.973173127,140.662109380,1767.3712,7.4142,0
1587.598013028,118.374083080,139.907623290,1767.3691,7.4109,0
1587.618846077,113.547723619,140.085083010,1767.3711,7.4140,0
1587.639679127,110.813115195,139.913146970,1767.3693,7.4105,0
1587.660512175,107.887151810,139.716964720,1767.3706,7.4135,0
1587.681345224,108.569535560,140.091583250,1767.3695,7.4112,0
1587.702178271,112.868013126,140.024383540,1767.3706,7.4135,0
1587.723011319,116.129827250,139.796630860,1767.3695,7.4118,0
1587.743844366,117.138748567,139.607971190,1767.3709,7.4127,0
1587.764677412,114.892939270,139.890686040,1767.3696,7.4115,0
1587.785510458,116.114142695,139.735290530,1767.3711,7.4137,0
1587.806343503,113.881255908,139.937011720,1767.3694,7.4113,0
1587.827176547,113.544236932,139.500350950,1767.3709,7.4126,0
1587.848009592,110.856217488,139.662551880,1767.3694,7.4122,0
1587.868842635,110.766306905,139.265716550,1767.3706,7.4130,0
1587.889675679,111.983893721,139.340759280,1767.3701,7.4120,0
1587.910508721,113.986096153,139.583221440,1767.3706,7.4137,0
1587.931341764,115.484952485,139.639114380,1767.3694,7.4129,0
1587.952174805,117.162640814,139.361236570,1767.3702,7.4133,0
1587.973007846,116.097150366,139.424102780,1767.3699,7.4122,0
1587.993840887,116.961510406,139.236297610,1767.3699,7.4131,0
1588.014673927,116.844083927,139.330078120,1767.3703,7.4121,0
1588.035506967,113.952482789,139.377258300,1767.3702,7.4135,0
1588.056340006,112.207871448,139.110351560,1767.3698,7.4120,0
1588.077173044,110.355455580,139.095947270,1767.3702,7.4138,0
1588.098006083,110.290024196,139.176727290,1767.3701,7.4124,0
1588.118839120,111.463960962,139.482727050,1767.3705,7.4133,0
1588.139672157,114.840157646,139.248626710,1767.3702,7.4130,0
1588.160505194,115.631434115,139.047958370,1767.3698,7.4130,0
1588.181338230,115.409185499,139.198837280,1767.3704,7.4139,0
1588.202171265,118.061889085,138.921691890,1767.3700,7.4132,0
1588.223004300,117.629309592,138.775375370,1767.3712,7.4148,0
1588.243837334,117.673725703,138.598861690,1767.3699,7.4127,0
1588.264670368,113.615667414,138.855392460,1767.3710,7.4141,0
1588.285503401,110.856372684,138.773193360,1767.3698,7.4127,0
1588.306336434,112.822036834,138.512542720,1767.3706,7.4138,0
1588.327169466,111.884953059,138.874160770,1767.3702,7.4139,0
1588.348002498,113.817588554,138.577606200,1767.3705,7.4134,0
1588.368835529,114.947811733,138.346740720,1767.3697,7.4128,0
1588.389668560,112.496037147,138.778625490,1767.3706,7.4142,0
1588.410501590,113.891498732,138.507781980,1767.3691,7.4124,0
1588.431334620,116.275359785,138.181472780,1767.3703,7.4135,0
1588.452167649,113.245473505,138.559921260,1767.3691,7.4118,0
1588.473000677,112.268471008,138.373535160,1767.3708,7.4132,0
1588.493833706,113.208600077,137.986450200,1767.3684,7.4108,0
1588.514666733,112.446815318,138.605667110,1767.3716,7.4140,0
1588.535499760,113.795952677,138.210556030,1767.3694,7.4120,0
1588.556332786,113.404668132,138.282745360,1767.3712,7.4136,0
1588.577165812,112.719865009,137.984161380,1767.3693,7.4116,0
1588.597998838,111.218749569,138.680175780,1767.3717,7.4140,0
1588.618831862,113.114415577,138.525024410,1767.3693,7.4118,0
1588.639664887,117.563585802,137.960632320,1767.3710,7.4142,0
1588.660497910,114.683020819,138.296157840,1767.3694,7.4116,0
1588.681330933,115.514557818,137.765594480,1767.3708,7.4140,0
1588.702163956,112.005834988,138.107559200,1767.3690,7.4117,0
1588.722996978,113.867839360,137.797302250,1767.3703,7.4133,0
1588.743829999,113.565597973,137.883270260,1767.3685,7.4110,0
1588.764663020,113.743887673,137.861328120,1767.3705,7.4135,0
1588.785496041,113.533237939,137.715179440,1767.3697,7.4120,0
1588.806329061,111.853963048,138.164459230,1767.3712,7.4143,0
1588.827162080,114.972878330,137.872802730,1767.3689,7.4103,0
1588.847995099,116.404150026,137.735198970,1767.3710,7.4142,0
1588.868828117,115.086247050,137.606399540,1767.3694,7.4114,0
1588.889661135,113.844757409,137.615875240,1767.3710,7.4138,0
1588.910494152,111.651685605,137.744842530,1767.3694,7.4110,0
1588.931327168,114.157587966,137.551147460,1767.3704,7.4130,0
1588.952160184,116.204459768,137.165649410,1767.3694,7.4118,0
1588.972993200,114.141632575,137.821624760,1767.3712,7.4143,0
1588.993826215,118.164275357,136.991485600,1767.3696,7.4123,0
1589.014659229,114.818923826,137.516967770,1767.3705,7.4141,0
1589.035492243,116.744687770,137.539321900,1767.3694,7.4135,0
1589.056325256,172.241325903,156.825622560,1767.3429,7.3982,32
1589.077158268,115.294472858,137.476104740,1767.3689,7.4116,0
1589.097991281,114.795190213,137.440307620,1767.3701,7.4112,0
1589.118824292,114.823014392,137.093505860,1767.3696,7.4114,0
1589.139657304,117.636756077,137.055862430,1767.3701,7.4130,0
1589.160490314,116.437188932,137.152526860,1767.3707,7.4111,0
1589.181323324,114.981550312,137.166168210,1767.3704,7.4129,0
1589.202156334,112.908695039,137.279357910,1767.3699,7.4117,0
1589.222989342,113.708163159,137.167022710,1767.3713,7.4123,0
1589.243822350,115.110559280,137.176086430,1767.3690,7.4105,0
1589.264655358,114.668146338,137.320129390,1767.3716,7.4135,0
1589.285488365,114.838034828,137.130767820,1767.3695,7.4104,0
1589.306321372,119.845352189,136.686462400,1767.3705,7.4127,0
1589.327154377,118.162293519,137.229599000,1767.3686,7.4107,0
1589.347987383,119.791190222,137.256988530,1767.3692,7.4109,0
1589.368820387,118.596321846,136.792327880,1767.3690,7.4109,0
1589.389653392,118.399297067,136.944213870,1767.3702,7.4125,0
1589.410486395,115.763280147,136.944458010,1767.3700,7.4119,0
1589.431319398,117.937851534,136.943756100,1767.3707,7.4125,0
1589.452152401,117.152511667,137.099655150,1767.3681,7.4088,0
1589.472985402,116.882015523,136.890426640,1767.3701,7.4130,0
1589.493818404,116.048544010,136.928253170,1767.3701,7.4113,0
1589.514651404,116.183415636,136.962783810,1767.3704,7.4122,0
1589.535484405,118.662202212,136.743759160,1767.3684,7.4091,0
1589.556317404,119.145486791,136.733947750,1767.3702,7.4126,0
1589.577150403,119.916683264,136.804138180,1767.3691,7.4108,0
1589.597983401,118.391468642,136.734481810,1767.3703,7.4126,0
1589.618816399,118.377855459,136.736022950,1767.3685,7.4106,0
1589.639649397,118.596415785,136.462677000,1767.3707,7.4124,0
1589.660482393,117.053146382,136.355834960,1767.3690,7.4102,0
1589.681315389,115.656663637,136.668136600,1767.3706,7.4122,0
1589.702148385,117.525119107,136.473693850,1767.3696,7.4102,0
1589.722981380,118.670017935,136.573257450,1767.3704,7.4133,0
1589.743814374,118.604761353,136.278045650,1767.3690,7.4097,0
1589.764647368,117.325945833,136.963470460,1767.3714,7.4142,0
1589.785480361,115.155416913,136.975402830,1767.3700,7.4102,0
1589.806313354,117.055036305,136.317764280,1767.3698,7.4129,0
1589.827146345,115.968032223,136.699432370,1767.3683,7.4104,0
1589.847979337,117.562657845,136.558609010,1767.3701,7.4122,0
1589.868812328,114.006414675,136.659332280,1767.3687,7.4108,0
1589.889645318,113.673179601,136.659301760,1767.3707,7.4121,0
1589.910478307,115.802222889,136.154205320,1767.3683,7.4101,0
1589.931311296,117.364781886,136.516036990,1767.3714,7.4126,0
1589.952144285,118.900554505,136.441146850,1767.3688,7.4116,0
1589.972977273,117.799077107,136.326599120,1767.3707,7.4124,0
1589.993810260,116.560891388,136.675445560,1767.3693,7.4108,0
1590.014643247,115.738195794,136.491760250,1767.3703,7.4131,0
1590.035476232,115.894333973,136.631927490,1767.3686,7.4106,0
1590.056309218,118.332359429,135.778320310,1767.3711,7.4126,0
1590.077142203,112.323840464,136.723922730,1767.3691,7.4103,0
1590.097975187,111.509257496,136.139556880,1767.3703,7.4121,0
1590.118808171,113.158856983,136.061447140,1767.3689,7.4113,0
1590.139641154,114.150681329,135.882232670,1767.3701,7.4133,0
1590.160474136,114.945148054,136.023590090,1767.3685,7.4108,0
1590.181307118,117.453868117,135.779541020,1767.3705,7.4125,0
1590.202140099,114.099255855,136.386581420,1767.3699,7.4116,0
1590.222973080,117.181209414,136.248962400,1767.3699,7.4124,0
1590.243806060,118.142765321,136.561462400,1767.3690,7.4108,0
1590.264639039,117.693129760,136.110977170,1767.3703,7.4124,0
1590.285472018,112.538282786,136.338928220,1767.3692,7.4107,0
1590.306304996,108.660362114,136.226928710,1767.3703,7.4126,0
1590.327137974,109.944510999,136.277267460,1767.3693,7.4099,0
1590.347970951,110.481240011,136.189834590,1767.3702,7.4115,0
1590.368803927,108.813682487,136.355438230,1767.3694,7.4121,0
1590.389636903,109.574964847,136.193725590,1767.3694,7.4110,0
1590.410469878,109.869579915,136.687576290,1767.3690,7.4111,0
1590.431302852,115.857342883,135.740448000,1767.3698,7.4125,0
1590.452135826,117.467893281,135.798400880,1767.3691,7.4102,0
1590.472968800,117.180057829,135.856933590,1767.3699,7.4113,0
1590.493801772,113.608756941,135.804199220,1767.3693,7.4111,0
1590.514634744,110.040695846,136.406097410,1767.3703,7.4113,0
1590.535467716,110.774499377,135.804809570,1767.3702,7.4109,0
1590.556300687,111.354763530,135.887100220,1767.3692,7.4108,0
1590.577133657,107.011478394,136.425537110,1767.3701,7.4111,0
1590.597966626,106.241169805,136.301910400,1767.3693,7.4104,0
1590.618799595,108.593578317,136.162857060,1767.3702,7.4115,0
1590.639632564,111.128854058,136.297805790,1767.3689,7.4110,0
1590.660465531,113.265222902,136.236633300,1767.3700,7.4114,0
1590.681298498,114.243094943,135.913513180,1767.3687,7.4106,0
1590.702131465,111.437895023,136.079986570,1767.3704,7.4123,0
1590.722964430,110.174772904,136.128631590,1767.3690,7.4096,0
1590.743797395,109.715302284,136.246154790,1767.3698,7.4124,0
1590.764630360,108.518724365,135.771545410,1767.3685,7.4093,0
1590.785463324,106.082296282,136.187850950,1767.3702,7.4119,0
1590.806296287,105.608932311,136.316604610,1767.3684,7.4096,0
1590.827129250,109.427281957,135.831359860,1767.3703,7.4123,0
1590.847962212,112.345643458,136.256820680,1767.3682,7.4098,0
1590.868795173,114.116284745,135.960601810,1767.3707,7.4123,0
1590.889628134,113.438043632,136.175811770,1767.3690,7.4103,0
1590.910461094,111.844085801,135.911895750,1767.3700,7.4123,0
1590.931294053,107.943843077,135.955459590,1767.3687,7.4108,0
1590.952127012,106.251580761,135.682250980,1767.3703,7.4123,0
1590.972959970,106.947830727,135.781036380,1767.3693,7.4113,0
1590.993792928,101.472878439,136.776245120,1767.3700,7.4118,0
1591.014625885,104.511524789,136.152755740,1767.3693,7.4105,0
1591.035458841,112.999868998,135.658660890,1767.3701,7.4121,0
1591.056291796,113.120073855,136.210876460,1767.3692,7.4108,0
1591.077124751,114.225138153,136.085327150,1767.3700,7.4112,0
1591.097957706,115.558409565,135.973983760,1767.3695,7.4113,0
1591.118790659,111.484623625,136.215148930,1767.3696,7.4115,0
1591.139623612,112.501844788,135.880615230,1767.3694,7.4113,0
1591.160456565,108.250700651,136.147018430,1767.3696,7.4109,0
1591.181289516,107.872706696,135.804534910,1767.3699,7.4114,0
1591.202122467,104.237433073,135.938079830,1767.3696,7.4106,0
1591.222955417,103.959000648,135.842803960,1767.3695,7.4115,0
1591.243788367,107.329143587,135.946716310,1767.3693,7.4105,0
1591.264621316,111.922070557,135.709289550,1767.3692,7.4113,0
1591.285454265,110.058185389,136.226455690,1767.3689,7.4114,0
1591.306287212,108.647576659,136.093292240,1767.3695,7.4109,0
1591.327120159,109.809196065,136.169158940,1767.3687,7.4107,0
1591.347953106,110.528462287,136.565032960,1767.3699,7.4112,0
1591.368786051,112.180348279,135.978973390,1767.3694,7.4107,0
1591.389618996,112.896055427,136.000564580,1767.3694,7.4114,0
1591.410451941,108.655623434,135.640563960,1767.3693,7.4105,0
1591.431284884,107.792472076,136.244888310,1767.3693,7.4111,0
1591.452117827,111.825461714,135.501785280,1767.3691,7.4101,0
1591.472950770,113.677235630,135.661437990,1767.3692,7.4109,0
1591.493783711,112.760155992,136.139282230,1767.3687,7.4100,0
1591.514616652,112.554068994,136.051956180,1767.3697,7.4119,0
1591.535449593,115.021557485,135.801635740,1767.3689,7.4092,0
1591.556282532,116.318659347,135.725936890,1767.3697,7.4114,0
1591.577115471,115.077586251,135.907196040,1767.3683,7.4095,0
1591.597948410,111.708621348,135.707366940,1767.3704,7.4114,0
1591.618781347,106.705555734,135.979461670,1767.3686,7.4096,0
1591.639614284,107.211058539,135.592407230,1767.3704,7.4117,0
1591.660447220,110.036526335,135.928649900,1767.3691,7.4086,0
1591.681280156,112.841936877,135.974456790,1767.3702,7.4122,0
1591.702113091,114.533516769,135.647689820,1767.3686,7.4082,0
1591.722946025,111.499605809,136.013702390,1767.3701,7.4128,0
1591.743778958,113.365402941,136.024719240,1767.3684,7.4092,0
1591.764611891,114.806355873,135.730911250,1767.3704,7.4112,0
1591.785444823,113.834838568,135.741836550,1767.3681,7.4092,0
1591.806277754,111.247679280,135.745498660,1767.3703,7.4113,0
1591.827110685,106.626423943,135.837615970,1767.3685,7.4091,0
1591.847943615,106.642091005,136.079589840,1767.3702,7.4118,0
1591.868776544,107.402186785,136.099090580,1767.3671,7.4090,0
1591.889609473,110.362673353,135.873352050,1767.3701,7.4103,0
1591.910442400,113.515398998,135.661117550,1767.3682,7.4084,0
1591.931275328,113.636094692,135.766296390,1767.3698,7.4118,0
1591.952108254,113.857156127,136.057464600,1767.3688,7.4086,0
1591.972941180,116.489066230,135.778625490,1767.3702,7.4108,0
1591.993774105,115.322439298,135.990875240,1767.3684,7.4099,0
1592.014607029,112.388017908,136.391693120,1767.3698,7.4110,0
1592.035439952,109.808363702,136.060913090,1767.3687,7.4096,0
1592.056272875,109.029399466,136.096496580,1767.3695,7.4103,0
1592.077105797,110.358778279,135.847137450,1767.3686,7.4092,0
1592.097938719,112.342378896,135.612915040,1767.3703,7.4102,0
1592.118771639,115.204649775,135.699188230,1767.3691,7.4100,0
1592.139604559,114.564280515,136.316070560,1767.3694,7.4105,0
1592.160437478,115.461733088,135.974700930,1767.3691,7.4105,0
1592.181270397,131.975241079,151.156158450,1767.3327,7.4099,32
1592.202103314,117.401144849,135.818664550,1767.3685,7.4086,0
1592.222936232,115.056475965,135.656585690,1767.3702,7.4105,0
1592.243769148,112.066679470,135.929397580,1767.3684,7.4083,0
1592.264602063,109.516815749,136.069122310,1767.3692,7.4094,0
1592.285434978,110.500743458,135.744033810,1767.3699,7.4105,0
1592.306267892,111.396042963,135.824096680,1767.3688,7.4079,0
1592.327100805,112.395008371,135.878677370,1767.3700,7.4097,0
1592.347933718,115.303058650,135.728790280,1767.3677,7.4079,0
1592.368766629,114.459356516,136.169601440,1767.3695,7.4107,0
1592.389599540,116.537347255,135.958068850,1767.3683,7.4077,0
1592.410432451,116.747056588,135.595809940,1767.3702,7.4098,0
1592.431265360,115.316332045,135.672332760,1767.3690,7.4072,0
1592.452098269,114.061391109,136.190795900,1767.3698,7.4097,0
1592.472931177,113.721309514,136.075836180,1767.3686,7.4076,0
1592.493764084,113.804540079,136.240966800,1767.3696,7.4089,0
1592.514596990,113.696024659,136.058578490,1767.3683,7.4083,0
1592.535429896,115.383527485,136.279876710,1767.3699,7.4089,0
1592.556262801,118.916468680,136.020370480,1767.3681,7.4081,0
1592.577095705,118.864948901,136.096618650,1767.3695,7.4064,0
1592.597928608,118.275698081,136.277221680,1767.3703,7.4087,0
1592.618761511,116.740164246,136.436630250,1767.3684,7.4069,0
1592.639594412,118.788528906,135.873199460,1767.3705,7.4093,0
1592.660427313,114.107501460,136.323181150,1767.3682,7.4059,0
1592.681260213,115.055804111,136.326095580,1767.3698,7.4079,0
1592.702093113,116.771725045,135.835281370,1767.3676,7.4081,0
1592.722926011,116.779646425,135.906768800,1767.3702,7.4076,0
1592.743758909,117.702161943,135.861206050,1767.3685,7.4076,0
1592.764591806,120.001136732,135.692077640,1767.3688,7.4087,0
1592.785424702,118.527479178,135.923095700,1767.3686,7.4077,0
1592.806257597,117.687618865,135.776397710,1767.3704,7.4070,0
1592.827090492,116.552501776,135.896286010,1767.3690,7.4073,0
1592.847923386,118.189449008,135.996856690,1767.3689,7.4080,0
1592.868756278,117.167040419,136.157592770,1767.3694,7.4079,0
1592.889589170,119.113612443,136.057510380,1767.3689,7.4072,0
1592.910422062,117.284119562,135.951446530,1767.3699,7.4092,0
1592.931254952,115.729512580,136.104034420,1767.3684,7.4071,0
1592.952087841,116.943105870,135.868957520,1767.3704,7.4095,0
1592.972920730,115.351597121,135.945159910,1767.3673,7.4061,0
1592.993753618,114.911178848,135.773025510,1767.3704,7.4083,0
1593.014586505,113.239479374,136.391845700,1767.3675,7.4080,0
1593.035419391,116.779509827,135.317901610,1767.3694,7.4083,0
1593.056252277,115.402965237,136.242874150,1767.3688,7.4068,0
1593.077085161,119.374163133,135.499832150,1767.3698,7.4090,0
1593.097918045,117.929310677,136.118225100,1767.3685,7.4073,0
1593.118750928,118.870247787,135.951293950,1767.3695,7.4080,0
1593.139583809,116.668255484,136.272537230,1767.3688,7.4069,0
1593.160416690,115.640800147,135.996978760,1767.3697,7.4075,0
1593.181249571,117.614636857,135.638214110,1767.3693,7.4083,0
1593.202082450,111.801966891,136.247039790,1767.3692,7.4067,0
1593.222915328,112.701295426,135.961563110,1767.3694,7.4082,0
1593.243748206,114.588100424,135.960968020,1767.3682,7.4063,0
1593.264581082,113.105718779,136.220550540,1767.3699,7.4074,0
1593.285413958,115.607657132,136.020172120,1767.3685,7.4061,0
1593.306246833,119.022130532,135.744018550,1767.3694,7.4089,0
1593.327079707,116.974295971,135.798568730,1767.3680,7.4062,0
1593.347912580,115.534100644,135.983978270,1767.3697,7.4078,0
1593.368745452,113.871704112,136.186828610,1767.3679,7.4064,0
1593.389578323,115.538883910,135.751617430,1767.3679,7.4081,0
1593.410411193,114.058280490,136.001541140,1767.3682,7.4052,0
1593.431244062,114.541180820,135.998519900,1767.3692,7.4079,0
1593.452076931,116.467693799,135.975555420,1767.3683,7.4051,0
1593.472909798,115.981281755,136.103118900,1767.3699,7.4073,0
1593.493742664,116.910059085,136.229980470,1767.3672,7.4054,0
1593.514575530,117.630427672,136.296630860,1767.3691,7.4071,0
1593.535408395,116.325434663,136.341522220,1767.3684,7.4054,0
1593.556241258,116.432264455,135.734283450,1767.3690,7.4066,0
1593.577074121,116.805525603,136.068298340,1767.3682,7.4069,0
1593.597906983,115.526480815,135.819732670,1767.3690,7.4065,0
1593.618739843,114.926470152,136.043853760,1767.3685,7.4065,0
1593.639572703,113.351356033,136.167449950,1767.3683,7.4059,0
1593.660405562,113.080928033,136.332580570,1767.3686,7.4070,0
1593.681238419,113.899637006,136.208465580,1767.3685,7.4062,0
1593.702071276,115.941032603,136.178024290,1767.3681,7.4067,0
1593.722904132,116.919239007,135.941009520,1767.3687,7.4067,0
1593.743736987,115.529807046,136.320434570,1767.3681,7.4066,0
1593.764569840,115.688487717,136.103759770,1767.3683,7.4054,0
1593.785402693,115.568455169,136.372222900,1767.3686,7.4070,0
1593.806235544,112.926807869,136.062881470,1767.3676,7.4059,0
1593.827068395,112.936028682,136.003967290,1767.3687,7.4070,0
1593.847901245,115.779677628,135.950805660,1767.3680,7.4052,0
1593.868734093,115.139015583,135.839218140,1767.3685,7.4066,0
1593.889566941,113.411091961,136.430206300,1767.3675,7.4047,0
1593.910399787,116.457188179,136.184783940,1767.3690,7.4066,0
1593.931232632,117.941000608,136.472824100,1767.3669,7.4047,0
1593.952065476,117.847706800,136.145202640,1767.3690,7.4070,0
1593.972898319,119.162643219,136.134475710,1767.3677,7.4050,0
1593.993731161,114.249614670,136.377136230,1767.3686,7.4066,0
1594.014564002,113.078984584,136.350250240,1767.3677,7.4048,0
1594.035396842,113.233231088,136.209838870,1767.3687,7.4062,0
1594.056229680,113.856540564,136.491455080,1767.3677,7.4049,0
1594.077062518,111.300560651,135.992294310,1767.3688,7.4062,0
1594.097895354,109.612330624,136.288192750,1767.3676,7.4052,0
1594.118728190,111.634037429,135.894866940,1767.3691,7.4061,0
1594.139561024,113.527756618,136.124526980,1767.3672,7.4031,0
1594.160393856,114.688922349,136.300765990,1767.3689,7.4056,0
1594.181226688,115.924285554,136.536056520,1767.3675,7.4046,0
1594.202059518,114.519572991,136.189971920,1767.3691,7.4056,0
1594.222892348,114.151160753,135.832611080,1767.3678,7.4050,0
1594.243725176,114.249439993,135.965301510,1767.3687,7.4049,0
1594.264558003,113.132331129,135.815811160,1767.3679,7.4052,0
1594.285390828,113.003298378,135.860672000,1767.3681,7.4045,0
1594.306223653,110.051147680,135.831802370,1767.3681,7.4058,0
1594.327056476,112.125636137,135.836715700,1767.3673,7.4031,0
1594.347889298,112.333842850,136.264465330,1767.3683,7.4047,0
1594.368722118,115.959268753,136.201141360,1767.3681,7.4042,0
1594.389554937,114.414973410,136.350463870,1767.3684,7.4046,0
1594.410387756,115.611396720,136.172088620,1767.3676,7.4036,0
1594.431220572,114.197620830,135.799652100,1767.3684,7.4052,0
1594.452053387,117.459663409,135.915786740,1767.3671,7.4030,0
1594.472886201,116.927239318,135.905761720,1767.3687,7.4057,0
1594.493719014,113.775421212,135.804260250,1767.3669,7.4029,0
1594.514551825,109.166254024,136.581237790,1767.3672,7.4057,0
1594.535384635,111.556748610,135.993179320,1767.3669,7.4028,0
1594.556217444,112.978062865,136.266387940,1767.3684,7.4048,0
1594.577050251,112.916577964,136.075683590,1767.3673,7.4038,0
1594.597883056,112.764230334,136.159866330,1767.3687,7.4048,0
1594.618715861,111.143260217,136.166076660,1767.3670,7.4033,0
1594.639548664,109.926897774,136.309753420,1767.3682,7.4048,0
1594.660381465,114.451316341,135.912994380,1767.3675,7.4034,0
1594.681214265,111.850601513,136.212722780,1767.3678,7.4049,0
1594.702047063,109.516049149,135.801513670,1767.3676,7.4034,0
1594.722879860,105.824555266,135.890136720,1767.3677,7.4031,0
1594.743712655,105.608786407,135.842895510,1767.3687,7.4037,0
1594.764545449,108.943954637,135.671661380,1767.3673,7.4032,0
1594.785378241,112.188596771,136.039749150,1767.3672,7.4033,0
1594.806211031,112.009265150,136.192749020,1767.3676,7.4021,0
1594.827043820,113.979791973,136.026992800,1767.3678,7.4043,0
1594.847876608,111.387549071,136.248764040,1767.3663,7.4019,0
1594.868709393,113.434566581,136.294876100,1767.3671,7.4052,0
1594.889542177,112.159952320,136.279357910,1767.3677,7.4015,0
1594.910374960,108.349417290,136.609481810,1767.3671,7.4039,0
1594.931207740,104.666187226,136.166961670,1767.3679,7.4016,0
1594.952040519,104.916927558,136.082031250,1767.3675,7.4035,0
1594.972873296,106.130014606,136.775512700,1767.3662,7.4003,0
1594.993706072,111.067091704,136.187667850,1767.3679,7.4031,0
1595.014538845,109.971156427,136.312347410,1767.3664,7.4019,0
1595.035371617,108.314579991,136.225067140,1767.3672,7.4021,0
1595.056204387,110.893316457,136.119964600,1767.3674,7.4023,0
1595.077037155,114.110521984,136.088256840,1767.3663,7.4015,0
1595.097869921,112.867975702,136.116760250,1767.3674,7.4014,0
1595.118702686,108.473334826,136.720108030,1767.3656,7.4016,0
1595.139535448,106.426770557,136.216217040,1767.3674,7.4018,0
1595.160368208,105.221408744,136.102294920,1767.3668,7.4006,0
1595.181200967,106.418773187,136.388595580,1767.3670,7.4020,0
1595.202033723,108.803830196,136.094329830,1767.3665,7.3985,0
1595.222866478,108.472123953,136.582275390,1767.3673,7.4016,0
1595.243699230,107.908997038,136.357177730,1767.3657,7.3994,0
1595.264531980,110.088444657,136.002914430,1767.3677,7.4016,0
1595.285364728,112.425603620,136.528198240,1767.3645,7.3995,0
1595.306197474,113.701016671,136.355224610,1767.3679,7.4005,0
1595.327030218,111.988777553,136.480422970,1767.3649,7.3985,0
1595.347862960,107.937050920,136.689865110,1767.3664,7.4000,0
1595.368695699,105.509029427,136.575439450,1767.3653,7.3996,0
1595.389528436,107.511393756,136.362548830,1767.3667,7.3991,0
1595.410361171,109.649786905,136.311859130,1767.3652,7.3992,0
1595.431193904,109.810511878,136.518936160,1767.3661,7.3992,0
1595.452026634,109.861945122,136.366516110,1767.3649,7.3993,0
1595.472859362,111.341471324,136.455825810,1767.3662,7.3984,0
1595.493692088,111.399590912,136.859664920,1767.3647,7.3987,0
1595.514524811,112.153396894,136.512557980,1767.3653,7.3982,0
1595.535357532,110.421623457,137.082656860,1767.3646,7.3982,0
1595.556190251,108.350052977,136.984756470,1767.3640,7.3976,0
1595.577022967,104.146922202,137.119461060,1767.3638,7.3972,0
1595.597855680,106.567634064,136.930572510,1767.3636,7.3957,0
1595.618688391,109.792041365,136.928710940,1767.3642,7.3969,0
1595.639521100,107.737912371,136.958938600,1767.3644,7.3964,0
1595.660353806,106.396092901,137.547302250,1767.3632,7.3960,0
