time	flux
5.250014027998986	1.017066607834816
5.750014027998986	1.025758731886114
6.250014027998986	1.0276157034569853
6.750014027998986	1.0228189571477164
7.250014027998986	1.0207610237538418
7.750014027998986	1.0234051719068968
8.250014027998986	1.0230802322389574
8.750014027998986	1.0189281593932196
9.250014027998986	1.0186322160387242
9.750014027998986	1.0194714161011025
10.250014027998986	1.0171295220948378
10.750014027998986	1.0150471840020692
11.250014027998986	1.0147314438917345
11.750014027998986	1.0133380533139111
12.250014027998986	1.0116492944726936
12.750014027998986	1.0108858737189406
13.250014027998986	1.0089325851557047
13.750014027998986	1.0070807390404484
14.250014027998986	1.0073875940919794
14.750014027998986	1.0056100375621657
15.250014027998986	1.0024664435444037
15.750014027998986	1.003055720872894
16.250014027998986	1.0029847187513934
16.750014027998986	0.9994116470410219
17.250014027998986	0.9986460344008175
17.750014027998986	1.0001015107347089
18.250014027998986	0.9973989085014909
18.750014027998986	0.9959720505176236
19.250014027998986	0.9969574757696131
19.750014027998986	0.9959674641581424
20.250014027998986	0.994309927346515
20.750014027998986	0.9952153376764541
21.250014027998986	0.9948462714443462
21.750014027998986	0.9932752933791797
22.250014027998986	0.9943076161204654
22.750014027998986	0.994861389661025
23.250014027998986	0.9932762669467446
23.750014027998986	0.9932411178321394
24.250014027998986	0.9956454917768985
24.750014027998986	0.9946351268177523
25.250014027998986	0.9929879842798189
25.750014027998986	0.9955432309943165
26.250014027998986	0.9969438871708445
26.750014027998986	0.9942478598671035
27.250014027998986	0.9951888216875961
27.750014027998986	0.998281043419944
28.250014027998986	0.9967209268278638
28.750014027998986	0.9957846615509283
29.250014027998986	0.9984504682344216
29.750014027998986	0.998660210728127
30.250014027998986	0.9974668200578252
30.750014027998986	0.9985666711251193
31.250014027998986	0.999250307441658
31.750014027998986	0.99916884077246
32.250014027998986	0.998784587773705
32.750014027998986	0.9995576029423091
33.250014027998986	0.9995699946940221
33.750014027998986	0.999118747770916
34.250014027998986	0.9992350375543901
34.750014027998986	0.9996898538062661
35.250014027998986	0.9985853587645384
35.750014027998986	0.9984018303941933
36.250014027998986	0.9993172554479332
36.750014027998986	0.9977423438125417
37.250014027998986	0.9971161804488183
37.750014027998986	0.997789292017646
38.250014027998986	0.9970365188015282
38.750014027998986	0.9956049305703025
39.250014027998986	0.9956997429886835
39.750014027998986	0.9955056135277752
40.250014027998986	0.9943985315127848
40.750014027998986	0.9937734031998535
41.250014027998986	0.9932478168566523
41.750014027998986	0.9928900624268528
42.250014027998986	0.9924968685223362
42.750014027998986	0.9911786194038876
43.250014027998986	0.9909712531863216
43.750014027998986	0.9912232671393808
44.250014027998986	0.9902084581526317
44.750014027998986	0.989199809757881
45.250014027998986	0.9897718141036147
45.750014027998986	0.9898440391677084
46.250014027998986	0.9885192494568291
46.750014027998986	0.9885694186837366
47.250014027998986	0.9894733650519234
47.750014027998986	0.9890549817524672
48.250014027998986	0.9881737733444756
48.750014027998986	0.9892392076182518
49.250014027998986	0.9903007959762244
49.750014027998986	0.9887456957535027
50.250014027998986	0.9896977286016134
50.750014027998986	0.9915614617124963
51.250014027998986	0.9906427923277796
51.750014027998986	0.9905277315564832
52.250014027998986	0.99315033476857
52.750014027998986	0.9930945691742081
53.250014027998986	0.9923221703024411
53.750014027998986	0.9946029315289281
54.250014027998986	0.995739460516457
54.750014027998986	0.995032528301133
55.250014027998986	0.996114882048246
55.750014027998986	0.9980078611422281
56.250014027998986	0.9981263942444261
56.750014027998986	0.9979883509708453
57.250014027998986	0.9999049368991926
57.750014027998986	1.0006660342600875
58.250014027998986	1.000143511975031
58.750014027998986	1.001680443527414
59.250014027998986	1.002295709239832
59.750014027998986	1.0021019434857774
60.250014027998986	1.002929666478082
60.750014027998986	1.0037153012165507
61.250014027998986	1.0030116345334028
61.750014027998986	1.0037397096171026
62.250014027998986	1.0042906819502535
62.750014027998986	1.0037141003227295
63.250014027998986	1.0033869019173491
63.750014027998986	1.004085209085456
64.25001402799899	1.003798993821702
64.75001402799899	1.0026083045194558
65.25001402799899	1.0027820251433446
65.75001402799899	1.0029792360322463
66.25001402799899	1.0015027529871545
66.75001402799899	1.001015057687299
67.25001402799899	1.0010009150030286
67.75001402799899	0.9999310728771885
68.25001402799899	0.9989846498915513
68.75001402799899	0.9985451238233717
69.25001402799899	0.9976908067770035
69.75001402799899	0.9965879006288137
70.25001402799899	0.9960713101080615
70.75001402799899	0.9951737234896352
71.25001402799899	0.9939905454650685
71.75001402799899	0.9932659112516282
72.25001402799899	0.9930690627410441
72.75001402799899	0.9913370177385114
73.25001402799899	0.9906246086837724
73.75001402799899	0.9907570838459594
74.25001402799899	0.9894032907999397
74.75001402799899	0.9884452515267657
75.25001402799899	0.9883251336662523
75.75001402799899	0.9879359243487201
76.25001402799899	0.9870256776476777
76.75001402799899	0.9865234962970849
77.25001402799899	0.9864190103024192
77.75001402799899	0.9864029846017532
78.25001402799899	0.9854481464110658
78.75001402799899	0.9855984006949793
79.25001402799899	0.985771754675212
79.75001402799899	0.9853054617346443
80.25001402799899	0.985395515864997
80.75001402799899	0.9856283929232437
81.25001402799899	0.9855353311773235
81.75001402799899	0.9855552820072458
82.25001402799899	0.9861678534997672
82.75001402799899	0.9862656922925681
83.25001402799899	0.98568119966436
83.75001402799899	0.9869484162318747
84.25001402799899	0.9875114547321372
84.75001402799899	0.986274038026139
85.25001402799899	0.9870595058776002
85.75001402799899	0.9890095047710376
86.25001402799899	0.9873143194086368
86.75001402799899	0.9871807265600426
87.25001402799899	0.9894384444411021
87.75001402799899	0.9886851835481489
88.25001402799899	0.9877547410734373
88.75001402799899	0.9888369148916745
89.25001402799899	0.9895306726681028
89.75001402799899	0.9883463363693916
90.25001402799899	0.9884307265041847
90.75001402799899	0.9890450670927828
91.25001402799899	0.9885716201900873
91.75001402799899	0.9881420141855475
92.25001402799899	0.9880825440654668
92.75001402799899	0.9879832690256894
93.25001402799899	0.9872992610154303
93.75001402799899	0.9873843512860536
94.25001402799899	0.9867673113599312
94.75001402799899	0.985932256950058
95.25001402799899	0.9862565367657936
95.75001402799899	0.9858940405330126
96.25001402799899	0.9842132220198078
96.75001402799899	0.984650656647867
97.25001402799899	0.9850280379220764
97.75001402799899	0.9830885610027436
98.25001402799899	0.9827571280830897
98.75001402799899	0.9840832033578084
99.25001402799899	0.9824423593600747
99.75001402799899	0.9816398150838582
100.25001402799899	0.9829566207880568
100.75001402799899	0.982324814762706
101.25001402799899	0.9814895094563815
101.75001402799899	0.9822993986778905
102.25001402799899	0.9828276298319859
102.75001402799899	0.9821274996097108
103.25001402799899	0.9827973646321506
103.75001402799899	0.9838106211572328
104.25001402799899	0.9840477225699829
104.75001402799899	0.9842564417086276
105.25001402799899	0.9856169953110563
105.75001402799899	0.9871282671305402
106.25001402799899	0.9870740417956122
106.75001402799899	0.988234925936758
107.25001402799899	0.9909556599064927
107.75001402799899	0.9916229606114725
108.25001402799899	0.991805776772063
108.75001402799899	0.9952554214672185
109.25001402799899	0.9973192427293582
109.75001402799899	0.9968671492087513
110.25001402799899	1.0001034539017002
110.75001402799899	1.0031082959583406
111.25001402799899	1.0034968439637895
111.75001402799899	1.005692998262556
112.25001402799899	1.00881567663049
112.75001402799899	1.0104995375035686
113.25001402799899	1.0123072738144645
113.75001402799899	1.014587820597077
114.25001402799899	1.0171177723075884
114.75001402799899	1.0191126627562206
115.25001402799899	1.020824680112528
115.75001402799899	1.0230245991302378
116.25001402799899	1.0255300929887763
116.75001402799899	1.026624393334246
117.25001402799899	1.0289817908318253
117.75001402799899	1.0305742966531553
118.25001402799899	1.0319430320630238
118.75001402799899	1.0340292892834886
119.25001402799899	1.0349007683799754
119.75001402799899	1.0361101772061332
120.25001402799899	1.0376705089548062
120.75001402799899	1.0385121103650756
121.25001402799899	1.0388214367997735
121.75001402799899	1.0402412997432007
122.25001402799899	1.040281615378223
122.75001402799899	1.0407944810001895
123.25001402799899	1.0410908357456232
123.75001402799899	1.0408611465910513
124.25001402799899	1.0410355457361722
124.75001402799899	1.0409223744113807
125.25001402799899	1.039960630925271
125.75001402799899	1.0398552362643532
126.25001402799899	1.0395092229866487
126.75001402799899	1.0377394266152253
127.25001402799899	1.0375839874573993
127.75001402799899	1.0367953648802906
128.250014027999	1.0346527830424666
128.750014027999	1.033856546711898
129.250014027999	1.0335589307772457
129.750014027999	1.0306613823562993
130.250014027999	1.0292235995908596
130.750014027999	1.029329470579967
131.250014027999	1.0266011291767263
131.750014027999	1.024136709734682
132.250014027999	1.024020652387313
132.750014027999	1.022353390073824
133.250014027999	1.019496818169935
133.750014027999	1.0181038009860006
134.250014027999	1.017575616598684
134.750014027999	1.0151884340440374
135.250014027999	1.0129006745713898
135.750014027999	1.0123286892212189
136.250014027999	1.0105203198342847
136.750014027999	1.0090339923776142
137.250014027999	1.0072648887857396
137.750014027999	1.0057916056483023
138.250014027999	1.0054857700821271
138.750014027999	1.0030297758676188
139.250014027999	1.0022553305738866
139.750014027999	1.0009446017333277
140.250014027999	1.0002585633133239
140.750014027999	0.9992316331747083
141.250014027999	0.9973240157796469
141.750014027999	0.9972400334087167
142.250014027999	0.9970301389354777
142.750014027999	0.9948398779358113
143.250014027999	0.9945395323336654
143.750014027999	0.9950047063454859
144.250014027999	0.9928261109935365
144.750014027999	0.9932853608312383
145.250014027999	0.9926724777464978
145.750014027999	0.99145730267409
146.250014027999	0.9921134187827785
146.750014027999	0.9916494143297432
147.250014027999	0.9900207173555542
147.750014027999	0.9908987219402535
148.250014027999	0.9912361404491805
148.750014027999	0.9893464590798866
149.250014027999	0.9897441228378743
149.750014027999	0.9904164084233085
150.250014027999	0.9895626330866709
150.750014027999	0.9890429317788986
151.250014027999	0.9894259909279127
151.750014027999	0.9895879499141297
152.250014027999	0.989087754673604
152.750014027999	0.9887478134651334
153.250014027999	0.9892893316226672
153.750014027999	0.9892601700910995
154.250014027999	0.9885454570662394
154.750014027999	0.9891109019749508
155.250014027999	0.9894716572627473
155.750014027999	0.9882942085876101
156.250014027999	0.9892844881260101
156.750014027999	0.9898998394884044
157.250014027999	0.9882905348222508
157.750014027999	0.9890948551311507
158.250014027999	0.990771470306573
158.750014027999	0.9887432216180413
159.250014027999	0.9890176468912624
159.750014027999	0.9910640782196817
160.250014027999	0.9899999369465451
160.750014027999	0.9894532338102046
161.250014027999	0.9909284788275937
161.750014027999	0.9911961101540245
162.250014027999	0.9905894406920961
162.750014027999	0.9911366157016952
163.250014027999	0.9918632930710168
163.750014027999	0.9919273529648929
164.250014027999	0.9918754931148601
164.750014027999	0.9925904273511434
165.250014027999	0.9928809735146118
165.750014027999	0.9929098464739156
166.250014027999	0.9933812030540086
166.750014027999	0.9939208205377716
167.250014027999	0.9937398545055367
167.750014027999	0.9940410496044
168.250014027999	0.9949556403554205
168.750014027999	0.9946313231041447
169.250014027999	0.9945208776070049
169.750014027999	0.9953424172705984
170.250014027999	0.9957093650074166
170.750014027999	0.9949703912901396
171.250014027999	0.9952624938812474
171.750014027999	0.9960986428893692
172.250014027999	0.995511540438768
172.750014027999	0.9952562736369015
173.250014027999	0.995536817479213
173.750014027999	0.9956670369674896
174.250014027999	0.9951725235480466
174.750014027999	0.994941214004965
175.250014027999	0.9950079180965861
175.750014027999	0.9945008458011094
176.250014027999	0.9945171640788604
176.750014027999	0.9941677344227244
177.250014027999	0.9932076499734174
177.750014027999	0.9934673303254724
178.250014027999	0.9935993804308303
178.750014027999	0.9920865446814309
179.250014027999	0.9916045265369179
179.750014027999	0.9926235289435958
180.250014027999	0.9916278688543153
180.750014027999	0.9900063443466439
181.250014027999	0.9907727240328648
181.750014027999	0.9912087437515575
182.250014027999	0.9894592669184743
182.750014027999	0.9891520867608464
183.250014027999	0.9899245503456102
183.750014027999	0.9898007019190651
184.250014027999	0.9885026282897612
184.750014027999	0.9889284313141588
185.250014027999	0.9895918681974468
185.750014027999	0.9893451416495669
186.250014027999	0.9888127870680297
186.750014027999	0.9894352675921319
187.250014027999	0.9907367626708166
187.750014027999	0.9897735951483664
188.250014027999	0.9903860645206174
188.750014027999	0.992127054385507
189.250014027999	0.9919401097073824
189.750014027999	0.99209386379425
190.250014027999	0.9943836591013985
190.750014027999	0.9947661208661511
191.250014027999	0.9946267741659744
191.750014027999	0.9974479510699799
192.250014027999	0.9980620093653028
192.750014027999	0.9983285020853193
193.250014027999	1.0008025347063148
193.750014027999	1.0019019242180378
194.250014027999	1.0025585888325343
194.750014027999	1.0050121632683748
195.250014027999	1.005882894098735
195.750014027999	1.006721447081836
196.250014027999	1.0098245159661474
196.750014027999	1.0102495145096948
197.250014027999	1.0107879699599023
197.750014027999	1.0139884107465167
198.250014027999	1.0149822958859114
198.750014027999	1.0151155885303431
199.250014027999	1.017425626926006
199.750014027999	1.0185599903179663
200.250014027999	1.0196429428544012
200.750014027999	1.021033388057941
201.250014027999	1.0206796945821193
201.750014027999	1.022386997812732
202.250014027999	1.025142027796921
202.750014027999	1.0228427443061299
203.250014027999	1.0225805921276323
203.750014027999	1.0270254892328963
204.250014027999	1.0268375866353516
204.750014027999	1.022036695652933
205.250014027999	1.023468134855403
205.750014027999	1.0339437614264464
345.9974107680009	0.9905895612604034
346.4974107680009	0.9808420617879116
346.9974107680009	0.9839130645943237
347.4974107680009	0.9876767904929544
347.9974107680009	0.9869909396717997
348.4974107680009	0.9868116920462854
348.9974107680009	0.9889314426704947
349.4974107680009	0.9894213974168169
349.9974107680009	0.9899743453607266
350.4974107680009	0.9913476861040506
350.9974107680009	0.9909610277850031
351.4974107680009	0.991892302666491
351.9974107680009	0.9934659163318063
352.4974107680009	0.9930534802082677
352.9974107680009	0.9930161304571103
353.4974107680009	0.994235394994899
353.9974107680009	0.9950426871675172
354.4974107680009	0.9942301916180734
354.9974107680009	0.994283925094934
355.4974107680009	0.9957240746735294
355.9974107680009	0.9953600402287641
356.4974107680009	0.9944494656179494
356.9974107680009	0.9953723827514757
357.4974107680009	0.9956204818862955
357.9974107680009	0.9945961797163169
358.4974107680009	0.9949067122842882
358.9974107680009	0.9949788815542031
359.4974107680009	0.9943178691526255
359.9974107680009	0.9943015577320523
360.4974107680009	0.9941188230646278
360.9974107680009	0.9937013684703618
361.4974107680009	0.9932523711249311
361.9974107680009	0.9931307802483097
362.4974107680009	0.9931637429691792
362.9974107680009	0.9921229177991632
363.4974107680009	0.9916685404704344
363.9974107680009	0.9927235950235976
364.4974107680009	0.9914355842337594
364.9974107680009	0.9900979113399213
365.4974107680009	0.9919623404589516
365.9974107680009	0.991169177165498
366.4974107680009	0.9892449810937594
366.9974107680009	0.9908239588536275
367.4974107680009	0.9910362392283448
367.9974107680009	0.9892576145331128
368.4974107680009	0.9899260181644713
368.9974107680009	0.9909769850011543
369.4974107680009	0.9896979745188842
369.9974107680009	0.9898536695138297
370.4974107680009	0.9910592621775837
370.9974107680009	0.990584163857781
371.4974107680009	0.9904280329220366
371.9974107680009	0.9915522998184599
372.4974107680009	0.9920150557616513
372.9974107680009	0.991530031959389
373.4974107680009	0.9926225755087982
373.9974107680009	0.9936866083302054
374.4974107680009	0.9935455098262632
374.9974107680009	0.9941521956209964
375.4974107680009	0.9955194422334666
375.9974107680009	0.9962202258806768
376.4974107680009	0.9965310529437786
376.9974107680009	0.9974614424606418
377.4974107680009	0.9990749697153616
377.9974107680009	0.999788151594526
378.4974107680009	0.9999475171481641
378.9974107680009	1.0017590026251368
379.4974107680009	1.0033417271495921
379.9974107680009	1.003434656443118
380.4974107680009	1.0044292418240937
380.9974107680009	1.006572505175783
381.4974107680009	1.007592153046779
381.9974107680009	1.0076638309164352
382.4974107680009	1.0094648035977096
382.9974107680009	1.0113849104926602
383.4974107680009	1.0117675948399074
383.9974107680009	1.012520704881983
384.4974107680009	1.0142343624516308
384.9974107680009	1.0160890423116598
385.4974107680009	1.0161195730953723
385.9974107680009	1.0167297920385179
386.4974107680009	1.0194211664518864
386.9974107680009	1.0201265988679993
387.4974107680009	1.019516996079263
387.9974107680009	1.021746044098747
388.4974107680009	1.0234825858075274
388.9974107680009	1.0227061049669492
389.4974107680009	1.0238664173096825
389.9974107680009	1.0255428322030171
390.4974107680009	1.0256845472602831
390.9974107680009	1.0259989337678483
391.4974107680009	1.0270121695591399
391.9974107680009	1.0275618905656998
392.4974107680009	1.0277995602637564
392.9974107680009	1.0283627172309833
393.4974107680009	1.0285329167766228
393.9974107680009	1.0287106761335254
394.4974107680009	1.0292130434586293
394.9974107680009	1.0292096146504288
395.4974107680009	1.0286990730997567
395.9974107680009	1.0291774076803095
396.4974107680009	1.0292429933098362
396.9974107680009	1.028408186626638
397.4974107680009	1.0281490810006422
397.9974107680009	1.0283081571453645
398.4974107680009	1.0276196734732486
398.9974107680009	1.0266283246684291
399.4974107680009	1.02649026782574
399.9974107680009	1.0258155431849636
400.4974107680009	1.0247049701673783
400.9974107680009	1.024053209399655
401.4974107680009	1.0232701283439158
401.9974107680009	1.0218334851118602
402.4974107680009	1.021060976701652
402.9974107680009	1.0204022539231186
403.4974107680009	1.0181763008044808
403.9974107680009	1.0171316153338916
404.4974107680009	1.0170770587957676
404.9974107680009	1.0144870330625482
405.4974107680009	1.012265271867415
405.9974107680009	1.0128720425365225
406.4974107680009	1.01076688519136
406.9974107680009	1.007345245677012
407.4974107680009	1.0076477448519603
407.9974107680009	1.0064248587441185
408.4974107680009	1.0029401765071122
408.9974107680009	1.0019101708925557
409.4974107680009	1.0013086018848782
409.9974107680009	0.9985905264522842
410.4974107680009	0.9964327677854906
410.9974107680009	0.9957077803912271
411.4974107680009	0.9939153945533177
411.9974107680009	0.9913870889269236
412.4974107680009	0.9900758922907394
412.9974107680009	0.9889711326175681
413.4974107680009	0.9867018583440856
413.9974107680009	0.9847373698775719
414.4974107680009	0.9838461732226478
414.9974107680009	0.9824359139146718
415.4974107680009	0.9799851059847944
415.9974107680009	0.9786691154611372
416.4974107680009	0.9784471031268547
416.9974107680009	0.9760566129987593
417.4974107680009	0.9739718818442089
417.9974107680009	0.9744220501508659
418.4974107680009	0.972828751778374
418.9974107680009	0.9703611463814631
419.4974107680009	0.9705352473971482
419.9974107680009	0.9699401408964706
420.4974107680009	0.9678382886924077
420.9974107680009	0.9673823275066157
421.4974107680009	0.9674038703119788
421.9974107680009	0.9659820150531497
422.4974107680009	0.9651756715335557
422.9974107680009	0.9655092540075537
423.4974107680009	0.9648339933622313
423.9974107680009	0.963648608311146
424.4974107680009	0.9641371937616592
424.9974107680009	0.9647767166585461
425.4974107680009	0.9628928185879122
425.9974107680009	0.962942019637815
426.4974107680009	0.9653988678292363
426.9974107680009	0.9635380169742497
427.4974107680009	0.9621504181263196
427.9974107680009	0.9657753227595237
428.4974107680009	0.9653341828565803
428.9974107680009	0.9628301403770935
429.4974107680009	0.965621103900713
429.9974107680009	0.9671217750039967
430.4974107680009	0.965235809542961
430.9974107680009	0.9659895417523058
431.4974107680009	0.9680868703497754
431.9974107680009	0.9682711854455921
432.4974107680009	0.9677824917640208
432.9974107680009	0.9687203173195962
433.4974107680009	0.9708610660067485
433.9974107680009	0.9703860803941069
434.4974107680009	0.9701391726989035
434.9974107680009	0.9727415936528935
435.4974107680009	0.9730236822632886
435.9974107680009	0.9722485741400949
436.4974107680009	0.9744636375003668
436.9974107680009	0.9754683767828457
437.4974107680009	0.974489696408976
437.9974107680009	0.9761634775500407
438.4974107680009	0.9777594232241299
438.9974107680009	0.9768884446664032
439.4974107680009	0.9776306356977237
439.9974107680009	0.9796784358162883
440.4974107680009	0.9794592901819839
440.9974107680009	0.9792929445224565
441.4974107680009	0.9809213847595046
441.9974107680009	0.9817039399194223
442.4974107680009	0.9815609075832707
442.9974107680009	0.9819708741522982
443.4974107680009	0.9831263338595067
443.9974107680009	0.9839191496434578
444.4974107680009	0.9836374283472044
444.9974107680009	0.984096179003057
445.4974107680009	0.9855458546940364
445.9974107680009	0.9858579830475928
446.4974107680009	0.9854803828066379
446.9974107680009	0.9865622278399405
447.4974107680009	0.987780367534087
447.9974107680009	0.9876172465905229
448.4974107680009	0.9877174862770086
448.9974107680009	0.9892198107494458
449.4974107680009	0.989951837359501
449.9974107680009	0.9894723943228848
450.4974107680009	0.9907538383314757
450.9974107680009	0.9920587905481674
451.4974107680009	0.9917480446361975
451.9974107680009	0.9926575756116562
452.4974107680009	0.9942856284984339
452.9974107680009	0.9943019589929971
453.4974107680009	0.9948820220430742
453.9974107680009	0.9968414081175522
454.4974107680009	0.9972346875331298
454.9974107680009	0.9974936607537253
455.4974107680009	0.9995169391393464
455.9974107680009	1.0005834099316475
456.4974107680009	1.0007057644188304
456.9974107680009	1.0024330072357477
457.4974107680009	1.0037823619378223
457.9974107680009	1.0048210654646128
458.4974107680009	1.0056294234444572
458.9974107680009	1.0069841927328986
459.4974107680009	1.009021251390468
459.9974107680009	1.0095896966179405
460.4974107680009	1.0103554626031457
460.9974107680009	1.0127735867253531
461.4974107680009	1.0140907733202673
461.9974107680009	1.0141726010233916
462.4974107680009	1.0161571080318277
462.9974107680009	1.018332846923127
463.4974107680009	1.0185973770283736
463.9974107680009	1.019460205087291
464.4974107680009	1.0217874968328151
464.9974107680009	1.0232476936628638
465.4974107680009	1.0229797450427882
465.9974107680009	1.0245216448405203
466.4974107680009	1.027259689658988
466.9974107680009	1.0268308438379243
467.4974107680009	1.0269725465957185
467.9974107680009	1.0300087729665086
468.4974107680009	1.0305423521479185
468.9974107680009	1.029529075182866
469.4974107680009	1.031736589782902
469.9974107680009	1.0331856666430015
470.4974107680009	1.032125295395233
470.9974107680009	1.033086259590428
471.4974107680009	1.03449904072083
471.9974107680009	1.0339899257766672
472.4974107680009	1.034368157826433
472.9974107680009	1.0350124921133337
473.4974107680009	1.0346948426046378
473.9974107680009	1.0349404921432384
474.4974107680009	1.035441080850071
474.9974107680009	1.0344266493936818
475.4974107680009	1.034470119817939
475.9974107680009	1.0353055822461075
476.4974107680009	1.0339908030651792
476.9974107680009	1.0332401789947856
477.4974107680009	1.033824533970705
477.9974107680009	1.0337062969988764
478.4974107680009	1.031637397017337
478.9974107680009	1.0314651841284788
479.4974107680009	1.0326080618630804
479.9974107680009	1.030352231172301
480.4974107680009	1.0287448060657673
480.9974107680009	1.0304835694917363
481.4974107680009	1.0291443038321222
481.9974107680009	1.0262757167142609
482.4974107680009	1.0277225738963909
482.9974107680009	1.0274955298068142
483.4974107680009	1.0245136037978535
483.9974107680009	1.0246737998528042
484.4974107680009	1.0254209536582128
484.9974107680009	1.0232358465369462
485.4974107680009	1.0220455656263645
485.9974107680009	1.0229591546111323
486.4974107680009	1.0220730321821059
486.9974107680009	1.0202866793318603
487.4974107680009	1.0206381678595438
487.9974107680009	1.0205529576631862
488.4974107680009	1.0192948753337687
488.9974107680009	1.0191275973282028
489.4974107680009	1.018866403314492
489.9974107680009	1.0184080639225268
490.4974107680009	1.0184642443485579
490.9974107680009	1.0179062923517233
491.4974107680009	1.0173100482497333
491.9974107680009	1.0179504218858288
492.4974107680009	1.0179916088042338
492.9974107680009	1.0167307005108612
493.4974107680009	1.0170116093834165
493.9974107680009	1.0183873692024206
494.4974107680009	1.0172479741831872
494.9974107680009	1.0161674534247593
495.4974107680009	1.0182330110170374
495.9974107680009	1.0182703028627451
496.4974107680009	1.0161864090903925
496.9974107680009	1.0177118082634935
497.4974107680009	1.0187445776017712
497.9974107680009	1.01688986952909
498.4974107680009	1.0174139922919503
498.9974107680009	1.0185956188973972
499.4974107680009	1.0173743693181418
499.9974107680009	1.0172842312461257
500.4974107680009	1.0182973047204567
500.9974107680009	1.0173252161255497
501.4974107680009	1.0168223441877098
501.9974107680009	1.0176520820619428
502.4974107680009	1.0170713990733087
502.9974107680009	1.0158887162996266
503.4974107680009	1.0162712941552532
503.9974107680009	1.0162474629093445
504.4974107680009	1.0148731919670047
504.9974107680009	1.014244322358978
505.4974107680009	1.0143432037941795
505.9974107680009	1.0134064511729095
506.4974107680009	1.0121600469633085
506.9974107680009	1.0114800285305627
507.4974107680009	1.010926115064934
507.9974107680009	1.009757613999457
508.4974107680009	1.0083512638447962
508.9974107680009	1.007635313294822
509.4974107680009	1.0063560081315408
509.9974107680009	1.004996723275863
510.4974107680009	1.0040675054643375
510.9974107680009	1.0024340805816474
511.4974107680009	1.0006315384682232
511.9974107680009	1.0003114997641414
512.4974107680009	0.9986954827412365
512.9974107680009	0.9957347712181521
513.4974107680009	0.99567691387953
513.9974107680009	0.994968617183229
514.4974107680009	0.9915490100772288
514.9974107680009	0.9904317584798783
515.4974107680009	0.9904230980686389
515.9974107680009	0.9880934030880492
516.4974107680009	0.9860019380543763
516.9974107680009	0.985174658659932
517.4974107680009	0.9843373384465282
517.9974107680009	0.9827198276847532
518.4974107680009	0.9807248026447075
518.9974107680009	0.9801022944644295
519.4974107680009	0.9794752840831714
519.9974107680009	0.9777952013500244
520.4974107680009	0.9766867646676656
520.9974107680009	0.9758506479063843
521.4974107680009	0.9753978490078663
521.9974107680009	0.9748969085106429
522.4974107680009	0.9730345763593944
522.9974107680009	0.9729013320250368
523.4974107680009	0.9737515412499427
523.9974107680009	0.9720670637749651
524.4974107680009	0.9711440204157311
524.9974107680009	0.9725133759116653
525.4974107680009	0.9721187291443474
525.9974107680009	0.9710462278989048
526.4974107680009	0.9719377680645144
526.9974107680009	0.9722587480835113
527.4974107680009	0.9719307874605823
527.9974107680009	0.9727942641065579
528.4974107680009	0.9731400812299549
528.9974107680009	0.9728506175033501
529.4974107680009	0.9743491651686198
529.9974107680009	0.975391642163961
530.4974107680009	0.9745823645635476
530.9974107680009	0.9755619940883089
531.4974107680009	0.9779096228265926
531.9974107680009	0.978081938646452
532.4974107680009	0.9773810940623369
532.9974107680009	0.9789775383549818
533.4974107680009	0.9821524206384721
533.9974107680009	0.9824431090490852
534.4974107680009	0.9760656721494503
