#first HST orbit is affected by the ramp effect 
Time (MJD), Luh16A_flux, Luh16B_flux,Luh16A_flux_err,Luh16B_flux_err 
     59707.2364, 3.521e-11, 4.126e-11, 5.766e-14, 6.733e-14
     59707.2367, 3.533e-11, 4.144e-11, 5.766e-14, 6.783e-14
      59707.237, 3.545e-11, 4.146e-11, 5.811e-14, 6.754e-14
     59707.2373, 3.551e-11, 4.157e-11, 5.814e-14, 6.809e-14
     59707.2376, 3.551e-11, 4.165e-11, 5.814e-14, 6.803e-14
     59707.2379, 3.553e-11, 4.159e-11, 5.816e-14, 6.792e-14
     59707.2382, 3.553e-11, 4.16e-11, 5.821e-14, 6.779e-14
     59707.2385, 3.561e-11, 4.164e-11, 5.828e-14, 6.791e-14
     59707.2388, 3.561e-11, 4.17e-11, 5.838e-14, 6.797e-14
     59707.2391, 3.559e-11, 4.169e-11, 5.822e-14, 6.802e-14
     59707.2394, 3.564e-11, 4.169e-11, 5.83e-14, 6.794e-14
     59707.2397, 3.562e-11, 4.17e-11, 5.825e-14, 6.8e-14
       59707.24, 3.564e-11, 4.171e-11, 5.828e-14, 6.805e-14
     59707.2403, 3.561e-11, 4.175e-11, 5.809e-14, 6.809e-14
     59707.2406, 3.561e-11, 4.176e-11, 5.814e-14, 6.821e-14
     59707.2409, 3.573e-11, 4.174e-11, 5.847e-14, 6.797e-14
     59707.2412, 3.568e-11, 4.179e-11, 5.835e-14, 6.815e-14
     59707.2415, 3.574e-11, 4.174e-11, 5.854e-14, 6.805e-14
     59707.2418, 3.569e-11, 4.177e-11, 5.841e-14, 6.813e-14
     59707.2421, 3.56e-11, 4.182e-11, 5.819e-14, 6.813e-14
     59707.2424, 3.568e-11, 4.181e-11, 5.831e-14, 6.809e-14
     59707.2427, 3.569e-11, 4.182e-11, 5.839e-14, 6.8e-14
      59707.243, 3.567e-11, 4.185e-11, 5.838e-14, 6.844e-14
     59707.2433, 3.568e-11, 4.181e-11, 5.827e-14, 6.812e-14
     59707.2436, 3.57e-11, 4.185e-11, 5.824e-14, 6.802e-14
     59707.2439, 3.566e-11, 4.178e-11, 5.82e-14, 6.79e-14
     59707.2442, 3.57e-11, 4.183e-11, 5.835e-14, 6.826e-14
     59707.2445, 3.569e-11, 4.181e-11, 5.836e-14, 6.778e-14
     59707.2448, 3.57e-11, 4.182e-11, 5.838e-14, 6.806e-14
     59707.2451, 3.565e-11, 4.183e-11, 5.814e-14, 6.836e-14
     59707.2454, 3.572e-11, 4.186e-11, 5.836e-14, 6.827e-14
     59707.2457, 3.57e-11, 4.184e-11, 5.822e-14, 6.804e-14
      59707.246, 3.572e-11, 4.182e-11, 5.839e-14, 6.791e-14
     59707.2463, 3.57e-11, 4.181e-11, 5.83e-14, 6.803e-14
     59707.2466, 3.567e-11, 4.185e-11, 5.822e-14, 6.817e-14
     59707.2469, 3.566e-11, 4.183e-11, 5.828e-14, 6.814e-14
     59707.2472, 3.565e-11, 4.184e-11, 5.82e-14, 6.824e-14
     59707.2475, 3.572e-11, 4.188e-11, 5.839e-14, 6.827e-14
     59707.2478, 3.575e-11, 4.188e-11, 5.861e-14, 6.826e-14
     59707.2481, 3.572e-11, 4.184e-11, 5.836e-14, 6.802e-14
     59707.2484, 3.572e-11, 4.183e-11, 5.846e-14, 6.818e-14
     59707.2487, 3.572e-11, 4.188e-11, 5.967e-14, 6.823e-14
     59707.2491, 3.575e-11, 4.187e-11, 5.85e-14, 6.831e-14
     59707.2494, 3.57e-11, 4.183e-11, 5.847e-14, 6.819e-14
     59707.2497, 3.568e-11, 4.183e-11, 5.815e-14, 6.803e-14
       59707.25, 3.574e-11, 4.188e-11, 5.839e-14, 6.835e-14
     59707.2503, 3.578e-11, 4.185e-11, 5.853e-14, 6.814e-14
     59707.2506, 3.577e-11, 4.186e-11, 5.846e-14, 6.805e-14
     59707.2509, 3.57e-11, 4.183e-11, 5.838e-14, 6.814e-14
     59707.2512, 3.57e-11, 4.182e-11, 5.854e-14, 6.815e-14
     59707.2515, 3.578e-11, 4.185e-11, 5.861e-14, 6.807e-14
     59707.2518, 3.577e-11, 4.181e-11, 5.856e-14, 6.798e-14
     59707.2521, 3.572e-11, 4.187e-11, 5.827e-14, 6.807e-14
     59707.2524, 3.572e-11, 4.186e-11, 5.841e-14, 6.826e-14
     59707.2527, 3.575e-11, 4.184e-11, 5.85e-14, 6.824e-14
      59707.253, 3.58e-11, 4.189e-11, 5.867e-14, 6.846e-14
     59707.2533, 3.569e-11, 4.185e-11, 5.84e-14, 6.815e-14
     59707.2536, 3.57e-11, 4.19e-11, 5.954e-14, 6.844e-14
     59707.2539, 3.581e-11, 4.179e-11, 5.886e-14, 6.808e-14
     59707.2542, 3.579e-11, 4.181e-11, 5.855e-14, 6.815e-14
     59707.2545, 3.573e-11, 4.183e-11, 5.853e-14, 6.82e-14
     59707.2548, 3.575e-11, 4.179e-11, 5.845e-14, 6.809e-14
     59707.2551, 3.577e-11, 4.185e-11, 5.862e-14, 6.821e-14
     59707.2554, 3.574e-11, 4.183e-11, 5.841e-14, 6.804e-14
     59707.2557, 3.573e-11, 4.183e-11, 5.845e-14, 6.834e-14
      59707.256, 3.578e-11, 4.184e-11, 5.858e-14, 6.816e-14
     59707.2563, 3.574e-11, 4.187e-11, 5.851e-14, 6.828e-14
     59707.2566, 3.578e-11, 4.185e-11, 5.87e-14, 6.821e-14
     59707.2569, 3.576e-11, 4.184e-11, 5.847e-14, 6.835e-14
     59707.2572, 3.576e-11, 4.185e-11, 5.852e-14, 6.828e-14
     59707.2575, 3.574e-11, 4.177e-11, 5.836e-14, 6.788e-14
     59707.2578, 3.574e-11, 4.182e-11, 5.843e-14, 6.834e-14
     59707.2581, 3.573e-11, 4.187e-11, 5.834e-14, 6.869e-14
     59707.2584, 3.572e-11, 4.174e-11, 5.831e-14, 6.796e-14
     59707.2587, 3.581e-11, 4.184e-11, 5.863e-14, 6.826e-14
      59707.259, 3.572e-11, 4.187e-11, 5.828e-14, 6.852e-14
     59707.2593, 3.573e-11, 4.184e-11, 5.839e-14, 6.838e-14
     59707.2596, 3.578e-11, 4.184e-11, 5.85e-14, 6.84e-14
     59707.2599, 3.575e-11, 4.187e-11, 5.859e-14, 6.824e-14
     59707.2602, 3.578e-11, 4.183e-11, 5.858e-14, 6.826e-14
     59707.2605, 3.575e-11, 4.184e-11, 5.846e-14, 6.855e-14
     59707.2608, 3.575e-11, 4.189e-11, 5.849e-14, 6.849e-14
     59707.2611, 3.576e-11, 4.182e-11, 5.844e-14, 6.862e-14
     59707.2614, 3.579e-11, 4.188e-11, 5.858e-14, 6.866e-14
     59707.2617, 3.579e-11, 4.186e-11, 5.859e-14, 6.847e-14
      59707.262, 3.581e-11, 4.185e-11, 5.875e-14, 6.847e-14
     59707.2623, 3.578e-11, 4.18e-11, 5.866e-14, 6.837e-14
     59707.2626, 3.581e-11, 4.177e-11, 5.876e-14, 6.822e-14
     59707.2629, 3.576e-11, 4.175e-11, 5.854e-14, 6.824e-14
     59707.2632, 3.579e-11, 4.183e-11, 5.892e-14, 6.858e-14
     59707.2635, 3.578e-11, 4.177e-11, 5.868e-14, 6.826e-14
     59707.2638, 3.576e-11, 4.178e-11, 5.848e-14, 6.832e-14
     59707.2641, 3.571e-11, 4.178e-11, 5.845e-14, 6.822e-14
     59707.2644, 3.577e-11, 4.18e-11, 5.86e-14, 6.828e-14
     59707.2647, 3.579e-11, 4.178e-11, 5.855e-14, 6.826e-14
      59707.265, 3.579e-11, 4.174e-11, 5.864e-14, 6.823e-14
     59707.2653, 3.581e-11, 4.176e-11, 5.891e-14, 6.835e-14
     59707.2656, 3.578e-11, 4.175e-11, 5.873e-14, 6.821e-14
     59707.2659, 3.581e-11, 4.18e-11, 5.866e-14, 6.947e-14
     59707.2662, 3.578e-11, 4.177e-11, 5.874e-14, 6.814e-14
     59707.3028, 3.54e-11, 4.097e-11, 5.798e-14, 6.675e-14
     59707.3031, 3.538e-11, 4.097e-11, 5.787e-14, 6.655e-14
     59707.3034, 3.538e-11, 4.097e-11, 5.785e-14, 6.673e-14
     59707.3037, 3.539e-11, 4.102e-11, 5.801e-14, 6.691e-14
      59707.304, 3.534e-11, 4.096e-11, 5.775e-14, 6.66e-14
     59707.3043, 3.537e-11, 4.097e-11, 5.793e-14, 6.67e-14
     59707.3046, 3.537e-11, 4.099e-11, 5.805e-14, 6.679e-14
     59707.3049, 3.541e-11, 4.096e-11, 5.812e-14, 6.7e-14
     59707.3052, 3.535e-11, 4.093e-11, 5.78e-14, 6.65e-14
     59707.3055, 3.538e-11, 4.093e-11, 5.799e-14, 6.651e-14
     59707.3058, 3.54e-11, 4.089e-11, 5.801e-14, 6.643e-14
     59707.3061, 3.538e-11, 4.097e-11, 5.789e-14, 6.669e-14
     59707.3064, 3.535e-11, 4.092e-11, 5.776e-14, 6.662e-14
     59707.3067, 3.534e-11, 4.091e-11, 5.773e-14, 6.657e-14
      59707.307, 3.531e-11, 4.091e-11, 5.764e-14, 6.644e-14
     59707.3073, 3.539e-11, 4.085e-11, 5.803e-14, 6.643e-14
     59707.3076, 3.538e-11, 4.086e-11, 5.795e-14, 6.616e-14
     59707.3079, 3.53e-11, 4.087e-11, 5.793e-14, 6.66e-14
     59707.3082, 3.531e-11, 4.088e-11, 5.764e-14, 6.641e-14
     59707.3085, 3.532e-11, 4.089e-11, 5.783e-14, 6.646e-14
     59707.3088, 3.531e-11, 4.086e-11, 5.795e-14, 6.683e-14
     59707.3091, 3.531e-11, 4.086e-11, 5.78e-14, 6.655e-14
     59707.3094, 3.532e-11, 4.082e-11, 6.694e-14, 6.636e-14
     59707.3097, 3.53e-11, 4.082e-11, 5.789e-14, 6.655e-14
       59707.31, 3.531e-11, 4.085e-11, 5.779e-14, 6.641e-14
     59707.3103, 3.527e-11, 4.084e-11, 5.769e-14, 6.631e-14
     59707.3106, 3.535e-11, 4.086e-11, 5.785e-14, 6.656e-14
     59707.3109, 3.525e-11, 4.08e-11, 5.766e-14, 6.616e-14
     59707.3112, 3.525e-11, 4.082e-11, 5.768e-14, 6.641e-14
     59707.3115, 3.528e-11, 4.075e-11, 5.77e-14, 6.606e-14
     59707.3118, 3.531e-11, 4.076e-11, 5.773e-14, 6.612e-14
     59707.3121, 3.522e-11, 4.08e-11, 5.754e-14, 6.654e-14
     59707.3124, 3.53e-11, 4.076e-11, 5.788e-14, 6.614e-14
     59707.3127, 3.528e-11, 4.078e-11, 5.764e-14, 6.871e-14
      59707.313, 3.528e-11, 4.08e-11, 5.781e-14, 6.655e-14
     59707.3133, 3.527e-11, 4.076e-11, 5.77e-14, 6.632e-14
     59707.3136, 3.524e-11, 4.076e-11, 5.764e-14, 6.629e-14
     59707.3139, 3.528e-11, 4.081e-11, 5.764e-14, 6.638e-14
     59707.3142, 3.525e-11, 4.08e-11, 5.753e-14, 6.635e-14
     59707.3145, 3.52e-11, 4.072e-11, 5.752e-14, 6.642e-14
     59707.3148, 3.523e-11, 4.081e-11, 5.766e-14, 6.656e-14
     59707.3152, 3.524e-11, 4.073e-11, 5.757e-14, 6.724e-14
     59707.3155, 3.525e-11, 4.075e-11, 5.896e-14, 6.637e-14
     59707.3158, 3.524e-11, 4.076e-11, 5.772e-14, 6.62e-14
     59707.3161, 3.527e-11, 4.078e-11, 5.79e-14, 6.642e-14
     59707.3164, 3.523e-11, 4.071e-11, 5.87e-14, 6.619e-14
     59707.3167, 3.519e-11, 4.069e-11, 5.764e-14, 6.613e-14
      59707.317, 3.524e-11, 4.071e-11, 5.763e-14, 6.601e-14
     59707.3173, 3.523e-11, 4.076e-11, 5.874e-14, 6.659e-14
     59707.3176, 3.522e-11, 4.069e-11, 5.762e-14, 6.617e-14
     59707.3179, 3.521e-11, 4.073e-11, 5.77e-14, 6.638e-14
     59707.3182, 3.52e-11, 4.065e-11, 5.76e-14, 6.616e-14
     59707.3185, 3.518e-11, 4.07e-11, 5.741e-14, 6.631e-14
     59707.3188, 3.52e-11, 4.065e-11, 5.743e-14, 6.592e-14
     59707.3191, 3.519e-11, 4.073e-11, 5.754e-14, 6.64e-14
     59707.3194, 3.517e-11, 4.066e-11, 5.754e-14, 6.618e-14
     59707.3197, 3.522e-11, 4.066e-11, 5.773e-14, 6.614e-14
       59707.32, 3.511e-11, 4.066e-11, 5.718e-14, 6.612e-14
     59707.3203, 3.519e-11, 4.066e-11, 5.764e-14, 6.616e-14
     59707.3206, 3.517e-11, 4.065e-11, 5.759e-14, 6.63e-14
     59707.3209, 3.516e-11, 4.063e-11, 5.755e-14, 6.61e-14
     59707.3212, 3.516e-11, 4.065e-11, 5.755e-14, 6.637e-14
     59707.3215, 3.518e-11, 4.064e-11, 5.765e-14, 6.606e-14
     59707.3218, 3.516e-11, 4.062e-11, 5.766e-14, 6.619e-14
     59707.3221, 3.516e-11, 4.063e-11, 5.743e-14, 6.604e-14
     59707.3224, 3.514e-11, 4.062e-11, 5.735e-14, 6.604e-14
     59707.3227, 3.516e-11, 4.062e-11, 5.737e-14, 6.615e-14
      59707.323, 3.516e-11, 4.063e-11, 5.863e-14, 6.618e-14
     59707.3233, 3.523e-11, 4.059e-11, 5.772e-14, 6.6e-14
     59707.3236, 3.516e-11, 4.063e-11, 5.753e-14, 6.612e-14
     59707.3239, 3.516e-11, 4.063e-11, 5.754e-14, 6.628e-14
     59707.3242, 3.52e-11, 4.056e-11, 5.779e-14, 6.607e-14
     59707.3245, 3.518e-11, 4.056e-11, 5.756e-14, 6.6e-14
     59707.3248, 3.511e-11, 4.057e-11, 5.733e-14, 6.597e-14
     59707.3251, 3.512e-11, 4.06e-11, 6.733e-14, 6.604e-14
     59707.3254, 3.515e-11, 4.058e-11, 5.734e-14, 6.575e-14
     59707.3257, 3.513e-11, 4.054e-11, 5.756e-14, 6.597e-14
      59707.326, 3.516e-11, 4.056e-11, 5.755e-14, 6.614e-14
     59707.3263, 3.515e-11, 4.055e-11, 5.878e-14, 6.635e-14
     59707.3266, 3.514e-11, 4.054e-11, 5.772e-14, 6.609e-14
     59707.3269, 3.514e-11, 4.057e-11, 5.758e-14, 6.602e-14
     59707.3272, 3.515e-11, 4.059e-11, 5.768e-14, 6.625e-14
     59707.3275, 3.517e-11, 4.061e-11, 5.76e-14, 6.633e-14
     59707.3278, 3.516e-11, 4.055e-11, 5.757e-14, 6.607e-14
     59707.3281, 3.516e-11, 4.056e-11, 5.763e-14, 6.61e-14
     59707.3284, 3.52e-11, 4.054e-11, 5.779e-14, 6.612e-14
     59707.3287, 3.519e-11, 4.062e-11, 5.772e-14, 6.64e-14
      59707.329, 3.515e-11, 4.064e-11, 5.87e-14, 6.63e-14
     59707.3293, 3.518e-11, 4.056e-11, 5.772e-14, 6.63e-14
     59707.3296, 3.517e-11, 4.057e-11, 5.774e-14, 6.645e-14
     59707.3299, 3.516e-11, 4.052e-11, 5.762e-14, 6.622e-14
     59707.3302, 3.514e-11, 4.055e-11, 5.766e-14, 6.631e-14
     59707.3305, 3.516e-11, 4.055e-11, 5.885e-14, 6.62e-14
     59707.3308, 3.518e-11, 4.056e-11, 5.766e-14, 6.622e-14
     59707.3311, 3.515e-11, 4.049e-11, 5.773e-14, 6.609e-14
     59707.3314, 3.512e-11, 4.056e-11, 5.877e-14, 6.628e-14
     59707.3317, 3.516e-11, 4.048e-11, 5.778e-14, 6.602e-14
      59707.332, 3.517e-11, 4.056e-11, 5.771e-14, 6.651e-14
     59707.3323, 3.512e-11, 4.051e-11, 5.77e-14, 6.62e-14
     59707.3326, 3.52e-11, 4.049e-11, 5.764e-14, 6.605e-14
     59707.3692, 3.502e-11, 4.003e-11, 5.734e-14, 6.485e-14
     59707.3695, 3.504e-11, 4.008e-11, 5.742e-14, 6.521e-14
     59707.3698, 3.502e-11, 4.005e-11, 5.743e-14, 6.487e-14
     59707.3701, 3.499e-11, 4.01e-11, 5.731e-14, 6.526e-14
     59707.3704, 3.501e-11, 4.012e-11, 5.734e-14, 6.532e-14
     59707.3707, 3.507e-11, 4.009e-11, 5.757e-14, 6.508e-14
      59707.371, 3.501e-11, 4.011e-11, 5.714e-14, 6.504e-14
     59707.3713, 3.506e-11, 4.011e-11, 5.735e-14, 6.531e-14
     59707.3716, 3.505e-11, 4.011e-11, 5.742e-14, 6.497e-14
     59707.3719, 3.501e-11, 4.011e-11, 5.728e-14, 6.531e-14
     59707.3722, 3.509e-11, 4.017e-11, 5.746e-14, 6.53e-14
     59707.3725, 3.505e-11, 4.014e-11, 5.742e-14, 6.507e-14
     59707.3728, 3.508e-11, 4.021e-11, 5.752e-14, 6.541e-14
     59707.3731, 3.501e-11, 4.02e-11, 5.74e-14, 6.55e-14
     59707.3734, 3.507e-11, 4.017e-11, 5.753e-14, 6.525e-14
     59707.3737, 3.502e-11, 4.014e-11, 5.742e-14, 6.512e-14
      59707.374, 3.503e-11, 4.019e-11, 5.86e-14, 6.659e-14
     59707.3743, 3.503e-11, 4.021e-11, 5.732e-14, 6.531e-14
     59707.3746, 3.503e-11, 4.02e-11, 5.857e-14, 6.532e-14
     59707.3749, 3.505e-11, 4.016e-11, 5.742e-14, 6.508e-14
     59707.3752, 3.508e-11, 4.017e-11, 5.747e-14, 6.513e-14
     59707.3755, 3.502e-11, 4.029e-11, 5.729e-14, 6.554e-14
     59707.3758, 3.506e-11, 4.019e-11, 5.748e-14, 6.519e-14
     59707.3761, 3.505e-11, 4.021e-11, 5.742e-14, 6.53e-14
     59707.3764, 3.508e-11, 4.022e-11, 5.744e-14, 6.523e-14
     59707.3767, 3.503e-11, 4.026e-11, 5.738e-14, 6.55e-14
      59707.377, 3.508e-11, 4.021e-11, 5.746e-14, 6.533e-14
     59707.3773, 3.502e-11, 4.023e-11, 5.732e-14, 6.517e-14
     59707.3776, 3.5e-11, 4.024e-11, 5.726e-14, 6.53e-14
     59707.3779, 3.506e-11, 4.024e-11, 5.845e-14, 6.542e-14
     59707.3782, 3.507e-11, 4.029e-11, 5.729e-14, 6.539e-14
     59707.3785, 3.512e-11, 4.026e-11, 5.758e-14, 6.54e-14
     59707.3788, 3.506e-11, 4.029e-11, 5.742e-14, 6.549e-14
     59707.3791, 3.51e-11, 4.02e-11, 5.769e-14, 6.516e-14
     59707.3794, 3.507e-11, 4.024e-11, 5.742e-14, 6.511e-14
     59707.3797, 3.507e-11, 4.023e-11, 5.735e-14, 6.509e-14
       59707.38, 3.508e-11, 4.024e-11, 5.755e-14, 6.527e-14
     59707.3803, 3.505e-11, 4.028e-11, 5.743e-14, 6.531e-14
     59707.3806, 3.503e-11, 4.021e-11, 5.734e-14, 6.502e-14
     59707.3809, 3.504e-11, 4.028e-11, 5.737e-14, 6.508e-14
     59707.3812, 3.501e-11, 4.027e-11, 5.736e-14, 6.563e-14
     59707.3816, 3.508e-11, 4.026e-11, 5.875e-14, 6.529e-14
     59707.3819, 3.507e-11, 4.026e-11, 6.302e-14, 6.515e-14
     59707.3822, 3.505e-11, 4.03e-11, 5.877e-14, 6.523e-14
     59707.3825, 3.508e-11, 4.033e-11, 5.738e-14, 6.542e-14
     59707.3828, 3.509e-11, 4.03e-11, 5.761e-14, 6.535e-14
     59707.3831, 3.506e-11, 4.03e-11, 5.832e-14, 6.542e-14
     59707.3834, 3.509e-11, 4.033e-11, 5.747e-14, 6.546e-14
     59707.3837, 3.513e-11, 4.037e-11, 5.762e-14, 6.551e-14
      59707.384, 3.51e-11, 4.041e-11, 5.755e-14, 6.575e-14
     59707.3843, 3.51e-11, 4.028e-11, 5.744e-14, 6.53e-14
     59707.3846, 3.508e-11, 4.032e-11, 5.748e-14, 6.532e-14
     59707.3849, 3.5e-11, 4.035e-11, 5.719e-14, 6.542e-14
     59707.3852, 3.507e-11, 4.038e-11, 5.749e-14, 6.552e-14
     59707.3855, 3.504e-11, 4.035e-11, 5.73e-14, 6.534e-14
     59707.3858, 3.509e-11, 4.037e-11, 5.747e-14, 6.552e-14
     59707.3861, 3.507e-11, 4.036e-11, 5.735e-14, 6.558e-14
     59707.3864, 3.506e-11, 4.037e-11, 5.739e-14, 6.543e-14
     59707.3867, 3.511e-11, 4.04e-11, 5.745e-14, 6.554e-14
      59707.387, 3.51e-11, 4.036e-11, 5.75e-14, 6.553e-14
     59707.3873, 3.511e-11, 4.039e-11, 5.756e-14, 6.559e-14
     59707.3876, 3.511e-11, 4.043e-11, 5.74e-14, 6.591e-14
     59707.3879, 3.513e-11, 4.043e-11, 5.763e-14, 6.551e-14
     59707.3882, 3.512e-11, 4.043e-11, 5.893e-14, 6.556e-14
     59707.3885, 3.513e-11, 4.044e-11, 5.761e-14, 6.566e-14
     59707.3888, 3.511e-11, 4.042e-11, 5.753e-14, 6.569e-14
     59707.3891, 3.511e-11, 4.047e-11, 5.743e-14, 6.61e-14
     59707.3894, 3.515e-11, 4.039e-11, 5.766e-14, 6.562e-14
     59707.3897, 3.513e-11, 4.044e-11, 5.748e-14, 6.565e-14
       59707.39, 3.512e-11, 4.045e-11, 5.866e-14, 6.577e-14
     59707.3903, 3.515e-11, 4.039e-11, 5.744e-14, 6.549e-14
     59707.3906, 3.515e-11, 4.049e-11, 5.769e-14, 6.585e-14
     59707.3909, 3.511e-11, 4.044e-11, 5.741e-14, 6.562e-14
     59707.3912, 3.516e-11, 4.048e-11, 5.757e-14, 6.604e-14
     59707.3915, 3.517e-11, 4.048e-11, 5.778e-14, 6.568e-14
     59707.3918, 3.512e-11, 4.053e-11, 5.75e-14, 6.599e-14
     59707.3921, 3.517e-11, 4.049e-11, 5.782e-14, 6.863e-14
     59707.3924, 3.52e-11, 4.052e-11, 5.764e-14, 6.58e-14
     59707.3927, 3.515e-11, 4.053e-11, 5.753e-14, 6.602e-14
      59707.393, 3.519e-11, 4.054e-11, 5.774e-14, 6.578e-14
     59707.3933, 3.515e-11, 4.048e-11, 5.748e-14, 6.587e-14
     59707.3936, 3.526e-11, 4.053e-11, 5.899e-14, 6.598e-14
     59707.3939, 3.521e-11, 4.057e-11, 5.886e-14, 6.609e-14
     59707.3942, 3.518e-11, 4.055e-11, 5.762e-14, 6.582e-14
     59707.3945, 3.522e-11, 4.064e-11, 5.789e-14, 6.621e-14
     59707.3948, 3.518e-11, 4.066e-11, 5.775e-14, 6.629e-14
     59707.3951, 3.52e-11, 4.057e-11, 5.876e-14, 6.592e-14
     59707.3954, 3.524e-11, 4.063e-11, 5.798e-14, 6.621e-14
     59707.3957, 3.52e-11, 4.058e-11, 5.769e-14, 6.618e-14
      59707.396, 3.523e-11, 4.063e-11, 5.781e-14, 6.632e-14
     59707.3963, 3.522e-11, 4.062e-11, 5.774e-14, 6.627e-14
     59707.3966, 3.52e-11, 4.066e-11, 5.781e-14, 6.632e-14
     59707.3969, 3.524e-11, 4.067e-11, 5.788e-14, 6.634e-14
     59707.3972, 3.523e-11, 4.068e-11, 5.787e-14, 6.652e-14
     59707.3975, 3.522e-11, 4.07e-11, 5.766e-14, 6.635e-14
     59707.3978, 3.526e-11, 4.066e-11, 5.885e-14, 6.606e-14
     59707.3981, 3.524e-11, 4.067e-11, 5.783e-14, 6.632e-14
     59707.3984, 3.526e-11, 4.07e-11, 5.778e-14, 6.634e-14
     59707.3987, 3.529e-11, 4.072e-11, 5.79e-14, 6.651e-14
      59707.399, 3.53e-11, 4.071e-11, 5.8e-14, 6.646e-14
     59707.4356, 3.559e-11, 4.159e-11, 5.837e-14, 6.804e-14
     59707.4359, 3.559e-11, 4.164e-11, 5.832e-14, 6.789e-14
     59707.4362, 3.566e-11, 4.165e-11, 5.84e-14, 6.795e-14
     59707.4365, 3.565e-11, 4.167e-11, 5.848e-14, 6.801e-14
     59707.4368, 3.565e-11, 4.169e-11, 5.846e-14, 6.8e-14
     59707.4371, 3.566e-11, 4.169e-11, 5.835e-14, 6.792e-14
     59707.4374, 3.568e-11, 4.169e-11, 5.842e-14, 6.794e-14
     59707.4377, 3.566e-11, 4.17e-11, 5.839e-14, 6.796e-14
      59707.438, 3.563e-11, 4.173e-11, 5.834e-14, 6.819e-14
     59707.4383, 3.566e-11, 4.175e-11, 5.852e-14, 6.824e-14
     59707.4386, 3.565e-11, 4.172e-11, 5.834e-14, 6.81e-14
     59707.4389, 3.568e-11, 4.173e-11, 5.852e-14, 6.796e-14
     59707.4392, 3.565e-11, 4.172e-11, 5.843e-14, 6.832e-14
     59707.4395, 3.569e-11, 4.178e-11, 5.86e-14, 6.826e-14
     59707.4398, 3.572e-11, 4.177e-11, 5.886e-14, 6.822e-14
     59707.4401, 3.576e-11, 4.183e-11, 5.873e-14, 6.828e-14
     59707.4404, 3.568e-11, 4.177e-11, 5.863e-14, 6.83e-14
     59707.4407, 3.572e-11, 4.175e-11, 5.86e-14, 6.801e-14
      59707.441, 3.564e-11, 4.185e-11, 5.827e-14, 6.852e-14
     59707.4413, 3.571e-11, 4.178e-11, 5.864e-14, 6.811e-14
     59707.4416, 3.57e-11, 4.175e-11, 5.86e-14, 6.794e-14
     59707.4419, 3.568e-11, 4.176e-11, 5.856e-14, 6.818e-14
     59707.4422, 3.568e-11, 4.182e-11, 5.853e-14, 6.832e-14
     59707.4425, 3.572e-11, 4.182e-11, 5.857e-14, 6.835e-14
     59707.4428, 3.566e-11, 4.178e-11, 5.996e-14, 6.809e-14
     59707.4431, 3.567e-11, 4.174e-11, 5.84e-14, 6.788e-14
     59707.4434, 3.568e-11, 4.181e-11, 5.865e-14, 6.822e-14
     59707.4437, 3.568e-11, 4.181e-11, 5.855e-14, 6.818e-14
      59707.444, 3.57e-11, 4.182e-11, 5.847e-14, 6.824e-14
     59707.4443, 3.573e-11, 4.184e-11, 5.85e-14, 6.832e-14
     59707.4446, 3.573e-11, 4.18e-11, 5.862e-14, 6.832e-14
     59707.4449, 3.568e-11, 4.182e-11, 5.851e-14, 6.815e-14
     59707.4452, 3.571e-11, 4.185e-11, 5.865e-14, 6.865e-14
     59707.4455, 3.57e-11, 4.182e-11, 5.853e-14, 6.821e-14
     59707.4458, 3.57e-11, 4.179e-11, 5.842e-14, 6.807e-14
     59707.4461, 3.568e-11, 4.184e-11, 5.837e-14, 6.829e-14
     59707.4464, 3.571e-11, 4.183e-11, 5.857e-14, 6.828e-14
     59707.4467, 3.569e-11, 4.183e-11, 5.832e-14, 6.811e-14
      59707.447, 3.569e-11, 4.176e-11, 5.857e-14, 6.815e-14
     59707.4473, 3.572e-11, 4.186e-11, 5.848e-14, 6.827e-14
     59707.4477, 3.573e-11, 4.184e-11, 5.859e-14, 6.827e-14
      59707.448, 3.568e-11, 4.187e-11, 5.845e-14, 6.82e-14
     59707.4483, 3.57e-11, 4.187e-11, 5.856e-14, 6.828e-14
     59707.4486, 3.569e-11, 4.181e-11, 5.853e-14, 6.838e-14
     59707.4489, 3.571e-11, 4.184e-11, 5.854e-14, 6.82e-14
     59707.4492, 3.572e-11, 4.182e-11, 5.854e-14, 6.813e-14
     59707.4495, 3.569e-11, 4.181e-11, 5.848e-14, 6.819e-14
     59707.4498, 3.569e-11, 4.183e-11, 5.856e-14, 6.828e-14
     59707.4501, 3.571e-11, 4.182e-11, 5.84e-14, 6.85e-14
     59707.4504, 3.567e-11, 4.184e-11, 5.847e-14, 6.826e-14
     59707.4507, 3.57e-11, 4.183e-11, 5.866e-14, 6.818e-14
      59707.451, 3.571e-11, 4.179e-11, 5.848e-14, 6.803e-14
     59707.4513, 3.572e-11, 4.181e-11, 5.858e-14, 6.821e-14
     59707.4516, 3.569e-11, 4.181e-11, 5.85e-14, 6.837e-14
     59707.4519, 3.569e-11, 4.181e-11, 5.835e-14, 6.828e-14
     59707.4522, 3.57e-11, 4.179e-11, 5.948e-14, 6.816e-14
     59707.4525, 3.567e-11, 4.175e-11, 5.838e-14, 6.802e-14
     59707.4528, 3.568e-11, 4.181e-11, 5.844e-14, 6.815e-14
     59707.4531, 3.571e-11, 4.18e-11, 5.874e-14, 6.835e-14
     59707.4534, 3.57e-11, 4.182e-11, 5.857e-14, 6.845e-14
     59707.4537, 3.569e-11, 4.18e-11, 5.844e-14, 6.843e-14
      59707.454, 3.568e-11, 4.182e-11, 5.852e-14, 6.842e-14
     59707.4543, 3.569e-11, 4.174e-11, 5.846e-14, 6.811e-14
     59707.4546, 3.573e-11, 4.173e-11, 5.86e-14, 6.808e-14
     59707.4549, 3.567e-11, 4.173e-11, 5.845e-14, 6.814e-14
     59707.4552, 3.564e-11, 4.177e-11, 5.832e-14, 6.814e-14
     59707.4555, 3.567e-11, 4.171e-11, 5.844e-14, 6.82e-14
     59707.4558, 3.567e-11, 4.168e-11, 5.852e-14, 6.801e-14
     59707.4561, 3.57e-11, 4.176e-11, 5.852e-14, 6.823e-14
     59707.4564, 3.567e-11, 4.178e-11, 5.846e-14, 6.819e-14
     59707.4567, 3.577e-11, 4.172e-11, 5.869e-14, 6.81e-14
      59707.457, 3.57e-11, 4.171e-11, 5.859e-14, 6.83e-14
     59707.4573, 3.574e-11, 4.172e-11, 5.875e-14, 6.829e-14
     59707.4576, 3.572e-11, 4.171e-11, 5.852e-14, 6.788e-14
     59707.4579, 3.572e-11, 4.17e-11, 5.853e-14, 6.83e-14
     59707.4582, 3.571e-11, 4.167e-11, 5.853e-14, 6.805e-14
     59707.4585, 3.567e-11, 4.169e-11, 5.85e-14, 6.821e-14
     59707.4588, 3.569e-11, 4.169e-11, 5.835e-14, 6.813e-14
     59707.4591, 3.57e-11, 4.168e-11, 5.85e-14, 6.831e-14
     59707.4594, 3.573e-11, 4.167e-11, 5.886e-14, 6.828e-14
     59707.4597, 3.567e-11, 4.162e-11, 5.845e-14, 6.802e-14
       59707.46, 3.574e-11, 4.163e-11, 5.888e-14, 6.793e-14
     59707.4603, 3.571e-11, 4.169e-11, 5.868e-14, 6.838e-14
     59707.4606, 3.575e-11, 4.166e-11, 5.874e-14, 6.788e-14
     59707.4609, 3.574e-11, 4.162e-11, 5.871e-14, 7.643e-14
     59707.4612, 3.573e-11, 4.163e-11, 5.867e-14, 6.797e-14
     59707.4615, 3.576e-11, 4.165e-11, 5.871e-14, 6.832e-14
     59707.4618, 3.569e-11, 4.165e-11, 5.873e-14, 6.829e-14
     59707.4621, 3.57e-11, 4.166e-11, 5.854e-14, 6.824e-14
     59707.4624, 3.574e-11, 4.158e-11, 5.869e-14, 6.804e-14
     59707.4627, 3.57e-11, 4.156e-11, 5.855e-14, 6.787e-14
      59707.463, 3.569e-11, 4.157e-11, 5.86e-14, 6.899e-14
     59707.4633, 3.574e-11, 4.159e-11, 5.875e-14, 6.826e-14
     59707.4636, 3.573e-11, 4.161e-11, 5.884e-14, 6.832e-14
     59707.4639, 3.569e-11, 4.157e-11, 5.858e-14, 6.815e-14
     59707.4642, 3.576e-11, 4.152e-11, 5.999e-14, 6.812e-14
     59707.4645, 3.579e-11, 4.159e-11, 5.888e-14, 6.822e-14
     59707.4648, 3.574e-11, 4.153e-11, 5.852e-14, 6.792e-14
     59707.4651, 3.569e-11, 4.153e-11, 5.841e-14, 6.798e-14
     59707.4654, 3.569e-11, 4.155e-11, 5.856e-14, 6.81e-14
     59707.5031, 3.548e-11, 4.019e-11, 5.81e-14, 6.596e-14
     59707.5034, 3.55e-11, 4.02e-11, 5.831e-14, 6.57e-14
     59707.5037, 3.548e-11, 4.023e-11, 5.822e-14, 6.583e-14
      59707.504, 3.551e-11, 4.023e-11, 5.827e-14, 6.578e-14
     59707.5043, 3.552e-11, 4.019e-11, 5.819e-14, 6.598e-14
     59707.5046, 3.547e-11, 4.024e-11, 5.802e-14, 6.583e-14
     59707.5049, 3.549e-11, 4.021e-11, 5.837e-14, 6.597e-14
     59707.5052, 3.556e-11, 4.021e-11, 5.844e-14, 6.589e-14
     59707.5055, 3.554e-11, 4.014e-11, 5.835e-14, 6.547e-14
     59707.5058, 3.553e-11, 4.024e-11, 5.853e-14, 6.606e-14
     59707.5061, 3.551e-11, 4.028e-11, 5.822e-14, 6.599e-14
     59707.5064, 3.553e-11, 4.017e-11, 5.825e-14, 6.557e-14
     59707.5067, 3.548e-11, 4.015e-11, 5.813e-14, 6.558e-14
      59707.507, 3.552e-11, 4.021e-11, 5.836e-14, 6.58e-14
     59707.5073, 3.551e-11, 4.018e-11, 5.822e-14, 6.565e-14
     59707.5076, 3.55e-11, 4.02e-11, 5.823e-14, 6.585e-14
     59707.5079, 3.551e-11, 4.021e-11, 5.824e-14, 6.585e-14
     59707.5082, 3.549e-11, 4.018e-11, 5.822e-14, 6.57e-14
     59707.5085, 3.548e-11, 4.015e-11, 5.817e-14, 6.554e-14
     59707.5088, 3.552e-11, 4.019e-11, 5.821e-14, 6.603e-14
     59707.5091, 3.548e-11, 4.024e-11, 5.817e-14, 6.622e-14
     59707.5094, 3.548e-11, 4.014e-11, 5.823e-14, 6.562e-14
     59707.5097, 3.548e-11, 4.018e-11, 5.83e-14, 6.572e-14
       59707.51, 3.542e-11, 4.015e-11, 5.799e-14, 6.573e-14
     59707.5103, 3.544e-11, 4.014e-11, 5.814e-14, 6.562e-14
     59707.5106, 3.542e-11, 4.009e-11, 5.798e-14, 6.537e-14
     59707.5109, 3.546e-11, 4.011e-11, 5.822e-14, 6.551e-14
     59707.5112, 3.548e-11, 4.016e-11, 5.807e-14, 6.549e-14
     59707.5115, 3.547e-11, 4.012e-11, 5.837e-14, 6.544e-14
     59707.5118, 3.544e-11, 4.017e-11, 5.796e-14, 6.569e-14
     59707.5121, 3.547e-11, 4.013e-11, 5.827e-14, 6.556e-14
     59707.5124, 3.548e-11, 4.011e-11, 5.815e-14, 6.566e-14
     59707.5127, 3.544e-11, 4.013e-11, 5.818e-14, 6.568e-14
      59707.513, 3.544e-11, 4.013e-11, 5.809e-14, 6.559e-14
     59707.5133, 3.545e-11, 4.011e-11, 5.816e-14, 6.569e-14
     59707.5136, 3.545e-11, 4.013e-11, 5.821e-14, 6.567e-14
     59707.5139, 3.545e-11, 4.015e-11, 5.786e-14, 7.801e-14
     59707.5142, 3.549e-11, 4.011e-11, 5.823e-14, 6.556e-14
     59707.5145, 3.54e-11, 4.008e-11, 5.792e-14, 6.543e-14
     59707.5148, 3.545e-11, 4.007e-11, 5.798e-14, 6.55e-14
     59707.5152, 3.546e-11, 4.011e-11, 5.812e-14, 6.553e-14
     59707.5155, 3.548e-11, 4.011e-11, 5.83e-14, 6.558e-14
     59707.5158, 3.545e-11, 4.013e-11, 5.835e-14, 6.567e-14
     59707.5161, 3.541e-11, 4.011e-11, 5.792e-14, 6.556e-14
     59707.5164, 3.545e-11, 4.011e-11, 5.822e-14, 6.567e-14
     59707.5167, 3.542e-11, 4.009e-11, 5.807e-14, 6.563e-14
      59707.517, 3.538e-11, 4.011e-11, 5.798e-14, 6.565e-14
     59707.5173, 3.539e-11, 4.013e-11, 5.78e-14, 6.567e-14
     59707.5176, 3.541e-11, 4.009e-11, 5.811e-14, 6.531e-14
     59707.5179, 3.539e-11, 4.01e-11, 5.808e-14, 6.57e-14
     59707.5182, 3.547e-11, 4.012e-11, 5.817e-14, 6.556e-14
     59707.5185, 3.541e-11, 4.015e-11, 5.799e-14, 6.582e-14
     59707.5188, 3.542e-11, 4.013e-11, 5.806e-14, 7.404e-14
     59707.5191, 3.546e-11, 4.01e-11, 5.836e-14, 6.556e-14
     59707.5194, 3.543e-11, 4.013e-11, 5.819e-14, 6.564e-14
     59707.5197, 3.543e-11, 4.015e-11, 5.839e-14, 6.566e-14
       59707.52, 3.544e-11, 4.014e-11, 5.814e-14, 6.58e-14
     59707.5203, 3.543e-11, 4.007e-11, 5.815e-14, 6.576e-14
     59707.5206, 3.542e-11, 4.014e-11, 5.805e-14, 6.575e-14
     59707.5209, 3.547e-11, 4.013e-11, 5.816e-14, 6.578e-14
     59707.5212, 3.542e-11, 4.016e-11, 5.817e-14, 6.571e-14
     59707.5215, 3.545e-11, 4.011e-11, 5.837e-14, 6.55e-14
     59707.5218, 3.545e-11, 4.014e-11, 5.81e-14, 6.586e-14
     59707.5221, 3.546e-11, 4.012e-11, 5.82e-14, 6.566e-14
     59707.5224, 3.542e-11, 4.012e-11, 5.88e-14, 6.553e-14
     59707.5227, 3.547e-11, 4.017e-11, 5.826e-14, 6.583e-14
      59707.523, 3.547e-11, 4.01e-11, 5.829e-14, 6.56e-14
     59707.5233, 3.547e-11, 4.014e-11, 5.832e-14, 6.574e-14
     59707.5236, 3.547e-11, 4.014e-11, 5.825e-14, 6.57e-14
     59707.5239, 3.549e-11, 4.015e-11, 5.834e-14, 6.604e-14
     59707.5242, 3.548e-11, 4.015e-11, 5.83e-14, 6.57e-14
     59707.5245, 3.547e-11, 4.012e-11, 6.659e-14, 6.566e-14
     59707.5248, 3.547e-11, 4.015e-11, 5.833e-14, 6.565e-14
     59707.5251, 3.551e-11, 4.02e-11, 5.845e-14, 6.585e-14
     59707.5254, 3.548e-11, 4.017e-11, 5.827e-14, 6.589e-14
     59707.5257, 3.55e-11, 4.016e-11, 5.827e-14, 6.576e-14
      59707.526, 3.551e-11, 4.019e-11, 5.852e-14, 6.612e-14
     59707.5263, 3.548e-11, 4.022e-11, 5.828e-14, 6.612e-14
     59707.5266, 3.55e-11, 4.02e-11, 5.825e-14, 6.599e-14
     59707.5269, 3.546e-11, 4.02e-11, 5.817e-14, 6.588e-14
     59707.5272, 3.549e-11, 4.02e-11, 5.843e-14, 6.591e-14
     59707.5275, 3.55e-11, 4.019e-11, 5.833e-14, 6.606e-14
     59707.5719, 3.573e-11, 3.988e-11, 5.85e-14, 6.515e-14
     59707.5722, 3.574e-11, 3.991e-11, 5.826e-14, 6.54e-14
     59707.5725, 3.577e-11, 3.991e-11, 5.838e-14, 6.521e-14
     59707.5728, 3.58e-11, 3.989e-11, 5.851e-14, 6.503e-14
     59707.5731, 3.583e-11, 3.991e-11, 5.874e-14, 6.512e-14
     59707.5734, 3.581e-11, 3.984e-11, 5.849e-14, 6.51e-14
     59707.5737, 3.58e-11, 3.994e-11, 5.843e-14, 6.524e-14
      59707.574, 3.58e-11, 3.991e-11, 5.845e-14, 6.524e-14
     59707.5743, 3.578e-11, 3.99e-11, 5.872e-14, 6.506e-14
     59707.5746, 3.579e-11, 3.987e-11, 5.872e-14, 6.492e-14
     59707.5749, 3.581e-11, 3.989e-11, 5.844e-14, 6.516e-14
     59707.5752, 3.583e-11, 3.989e-11, 5.853e-14, 6.501e-14
     59707.5755, 3.583e-11, 3.994e-11, 5.844e-14, 6.534e-14
     59707.5758, 3.583e-11, 3.995e-11, 5.85e-14, 6.504e-14
     59707.5761, 3.587e-11, 3.997e-11, 5.871e-14, 6.547e-14
     59707.5764, 3.584e-11, 3.994e-11, 5.9e-14, 6.515e-14
     59707.5767, 3.58e-11, 3.995e-11, 5.846e-14, 6.523e-14
      59707.577, 3.581e-11, 3.994e-11, 5.833e-14, 6.518e-14
     59707.5773, 3.583e-11, 4e-11, 5.848e-14, 6.538e-14
     59707.5776, 3.588e-11, 3.994e-11, 5.862e-14, 6.518e-14
     59707.5779, 3.584e-11, 3.993e-11, 5.854e-14, 6.512e-14
     59707.5782, 3.583e-11, 3.999e-11, 5.852e-14, 6.514e-14
     59707.5785, 3.589e-11, 3.994e-11, 5.865e-14, 6.5e-14
     59707.5788, 3.582e-11, 3.998e-11, 5.846e-14, 6.541e-14
     59707.5791, 3.585e-11, 4e-11, 5.846e-14, 6.528e-14
     59707.5794, 3.582e-11, 3.997e-11, 5.847e-14, 6.527e-14
     59707.5797, 3.584e-11, 4e-11, 5.867e-14, 6.53e-14
       59707.58, 3.583e-11, 3.999e-11, 5.853e-14, 6.512e-14
     59707.5803, 3.591e-11, 4.001e-11, 5.922e-14, 6.53e-14
     59707.5806, 3.587e-11, 4.003e-11, 5.844e-14, 6.526e-14
     59707.5809, 3.585e-11, 4.004e-11, 5.841e-14, 6.537e-14
     59707.5812, 3.591e-11, 4.005e-11, 5.875e-14, 6.539e-14
     59707.5815, 3.588e-11, 4.003e-11, 5.841e-14, 6.546e-14
     59707.5818, 3.588e-11, 4.007e-11, 5.848e-14, 6.546e-14
     59707.5821, 3.588e-11, 4.009e-11, 5.86e-14, 6.56e-14
     59707.5824, 3.595e-11, 4.008e-11, 5.867e-14, 6.557e-14
     59707.5827, 3.591e-11, 4.001e-11, 5.868e-14, 6.509e-14
      59707.583, 3.588e-11, 4.003e-11, 5.844e-14, 6.524e-14
     59707.5833, 3.587e-11, 4.005e-11, 5.841e-14, 6.54e-14
     59707.5836, 3.592e-11, 4.005e-11, 5.865e-14, 6.541e-14
     59707.5839, 3.592e-11, 4.011e-11, 5.868e-14, 6.574e-14
     59707.5842, 3.594e-11, 4.006e-11, 5.876e-14, 6.536e-14
     59707.5845, 3.592e-11, 4.012e-11, 5.865e-14, 6.554e-14
     59707.5848, 3.597e-11, 4.014e-11, 5.87e-14, 6.563e-14
     59707.5852, 3.593e-11, 4.009e-11, 5.884e-14, 6.542e-14
     59707.5855, 3.592e-11, 4.015e-11, 5.854e-14, 6.568e-14
     59707.5858, 3.595e-11, 4.015e-11, 5.862e-14, 6.562e-14
     59707.5861, 3.59e-11, 4.008e-11, 5.839e-14, 6.532e-14
     59707.5864, 3.598e-11, 4.014e-11, 5.876e-14, 6.563e-14
     59707.5867, 3.599e-11, 4.008e-11, 5.882e-14, 6.527e-14
      59707.587, 3.597e-11, 4.014e-11, 5.863e-14, 6.556e-14
     59707.5873, 3.6e-11, 4.014e-11, 5.87e-14, 6.568e-14
     59707.5876, 3.596e-11, 4.015e-11, 5.864e-14, 6.574e-14
     59707.5879, 3.598e-11, 4.014e-11, 5.874e-14, 6.558e-14
     59707.5882, 3.601e-11, 4.015e-11, 5.884e-14, 6.545e-14
     59707.5885, 3.598e-11, 4.02e-11, 5.872e-14, 6.555e-14
     59707.5888, 3.603e-11, 4.017e-11, 5.935e-14, 6.578e-14
     59707.5891, 3.599e-11, 4.019e-11, 5.869e-14, 6.546e-14
     59707.5894, 3.603e-11, 4.014e-11, 5.892e-14, 6.557e-14
     59707.5897, 3.605e-11, 4.018e-11, 5.89e-14, 6.562e-14
       59707.59, 3.602e-11, 4.019e-11, 5.876e-14, 6.565e-14
     59707.5903, 3.602e-11, 4.024e-11, 5.886e-14, 6.577e-14
     59707.5906, 3.601e-11, 4.02e-11, 5.887e-14, 6.562e-14
     59707.5909, 3.608e-11, 4.023e-11, 5.895e-14, 6.573e-14
     59707.5912, 3.61e-11, 4.029e-11, 5.905e-14, 6.602e-14
     59707.5915, 3.605e-11, 4.023e-11, 5.886e-14, 6.57e-14
     59707.5918, 3.614e-11, 4.034e-11, 5.913e-14, 6.617e-14
     59707.5921, 3.608e-11, 4.029e-11, 5.891e-14, 6.598e-14
     59707.5924, 3.608e-11, 4.033e-11, 5.893e-14, 6.596e-14
     59707.5927, 3.61e-11, 4.032e-11, 5.913e-14, 6.626e-14
      59707.593, 3.611e-11, 4.034e-11, 5.9e-14, 6.608e-14
     59707.5933, 3.607e-11, 4.032e-11, 5.884e-14, 6.611e-14
     59707.5936, 3.614e-11, 4.033e-11, 5.917e-14, 6.593e-14
     59707.5939, 3.609e-11, 4.032e-11, 5.904e-14, 6.612e-14
     59707.5942, 3.611e-11, 4.038e-11, 5.907e-14, 6.626e-14
     59707.5945, 3.614e-11, 4.03e-11, 5.911e-14, 6.595e-14
     59707.5948, 3.613e-11, 4.033e-11, 5.908e-14, 6.595e-14
     59707.5951, 3.612e-11, 4.041e-11, 5.904e-14, 6.625e-14
     59707.5954, 3.615e-11, 4.039e-11, 5.969e-14, 6.63e-14
     59707.5957, 3.615e-11, 4.033e-11, 5.895e-14, 6.61e-14
      59707.596, 3.616e-11, 4.041e-11, 5.906e-14, 6.636e-14
     59707.5963, 3.617e-11, 4.044e-11, 5.91e-14, 6.626e-14
     59707.5966, 3.615e-11, 4.044e-11, 5.912e-14, 6.618e-14
     59707.5969, 3.615e-11, 4.041e-11, 5.89e-14, 6.615e-14
     59707.5972, 3.624e-11, 4.046e-11, 5.934e-14, 6.63e-14
     59707.5975, 3.621e-11, 4.042e-11, 5.926e-14, 6.635e-14
     59707.5978, 3.619e-11, 4.042e-11, 5.916e-14, 6.617e-14
     59707.5981, 3.62e-11, 4.044e-11, 5.919e-14, 6.609e-14
     59707.5984, 3.621e-11, 4.047e-11, 5.916e-14, 6.635e-14
     59707.5987, 3.619e-11, 4.045e-11, 5.916e-14, 6.635e-14
      59707.599, 3.62e-11, 4.048e-11, 5.93e-14, 6.631e-14
     59707.5993, 3.617e-11, 4.045e-11, 5.921e-14, 6.62e-14
     59707.5996, 3.619e-11, 4.057e-11, 5.921e-14, 6.686e-14
     59707.5999, 3.618e-11, 4.053e-11, 5.913e-14, 6.645e-14
     59707.6002, 3.623e-11, 4.048e-11, 5.933e-14, 6.637e-14
     59707.6005, 3.62e-11, 4.05e-11, 5.927e-14, 6.647e-14
     59707.6008, 3.627e-11, 4.055e-11, 5.936e-14, 6.664e-14
     59707.6011, 3.622e-11, 4.056e-11, 5.921e-14, 6.655e-14
     59707.6014, 3.627e-11, 4.053e-11, 5.932e-14, 6.628e-14
     59707.6017, 3.625e-11, 4.054e-11, 5.926e-14, 6.646e-14
     59707.6398, 3.635e-11, 4.13e-11, 5.945e-14, 6.763e-14
     59707.6401, 3.631e-11, 4.127e-11, 5.926e-14, 6.753e-14
     59707.6404, 3.637e-11, 4.132e-11, 5.941e-14, 6.763e-14
     59707.6407, 3.639e-11, 4.13e-11, 5.945e-14, 6.766e-14
      59707.641, 3.637e-11, 4.135e-11, 5.946e-14, 6.771e-14
     59707.6413, 3.637e-11, 4.132e-11, 5.949e-14, 6.769e-14
     59707.6416, 3.636e-11, 4.132e-11, 5.953e-14, 6.749e-14
     59707.6419, 3.632e-11, 4.133e-11, 5.939e-14, 6.764e-14
     59707.6422, 3.636e-11, 4.135e-11, 5.939e-14, 6.757e-14
     59707.6425, 3.632e-11, 4.132e-11, 5.937e-14, 6.75e-14
     59707.6428, 3.634e-11, 4.135e-11, 5.931e-14, 6.763e-14
     59707.6431, 3.628e-11, 4.133e-11, 5.924e-14, 6.727e-14
     59707.6434, 3.635e-11, 4.133e-11, 5.934e-14, 6.759e-14
     59707.6437, 3.634e-11, 4.135e-11, 5.954e-14, 6.767e-14
      59707.644, 3.632e-11, 4.137e-11, 5.931e-14, 6.785e-14
     59707.6443, 3.633e-11, 4.135e-11, 5.938e-14, 6.764e-14
     59707.6446, 3.637e-11, 4.138e-11, 5.961e-14, 6.789e-14
     59707.6449, 3.632e-11, 4.137e-11, 5.934e-14, 6.778e-14
     59707.6452, 3.628e-11, 4.139e-11, 5.902e-14, 6.769e-14
     59707.6455, 3.631e-11, 4.136e-11, 5.921e-14, 6.785e-14
     59707.6458, 3.627e-11, 4.134e-11, 5.923e-14, 6.757e-14
     59707.6461, 3.633e-11, 4.139e-11, 5.939e-14, 6.761e-14
     59707.6464, 3.64e-11, 4.137e-11, 5.951e-14, 6.776e-14
     59707.6467, 3.629e-11, 4.134e-11, 6.214e-14, 6.762e-14
      59707.647, 3.639e-11, 4.134e-11, 5.961e-14, 6.774e-14
     59707.6473, 3.636e-11, 4.13e-11, 5.937e-14, 6.754e-14
     59707.6476, 3.634e-11, 4.134e-11, 5.929e-14, 6.765e-14
     59707.6479, 3.634e-11, 4.141e-11, 5.956e-14, 6.789e-14
     59707.6482, 3.637e-11, 4.132e-11, 5.945e-14, 6.762e-14
     59707.6485, 3.629e-11, 4.135e-11, 5.921e-14, 6.776e-14
     59707.6488, 3.632e-11, 4.132e-11, 5.918e-14, 6.753e-14
     59707.6491, 3.633e-11, 4.137e-11, 5.933e-14, 6.763e-14
     59707.6494, 3.636e-11, 4.134e-11, 5.948e-14, 6.774e-14
     59707.6497, 3.631e-11, 4.141e-11, 5.939e-14, 6.795e-14
       59707.65, 3.628e-11, 4.139e-11, 5.933e-14, 6.795e-14
     59707.6503, 3.628e-11, 4.137e-11, 5.924e-14, 7.606e-14
     59707.6506, 3.626e-11, 4.138e-11, 5.93e-14, 6.782e-14
     59707.6509, 3.63e-11, 4.135e-11, 5.925e-14, 6.776e-14
     59707.6512, 3.628e-11, 4.136e-11, 5.923e-14, 6.787e-14
     59707.6515, 3.626e-11, 4.132e-11, 5.923e-14, 6.758e-14
     59707.6518, 3.63e-11, 4.134e-11, 5.927e-14, 6.784e-14
     59707.6521, 3.632e-11, 4.136e-11, 5.934e-14, 6.782e-14
     59707.6524, 3.633e-11, 4.132e-11, 5.952e-14, 6.794e-14
     59707.6527, 3.627e-11, 4.129e-11, 5.918e-14, 6.748e-14
      59707.653, 3.628e-11, 4.133e-11, 5.94e-14, 6.76e-14
     59707.6533, 3.633e-11, 4.13e-11, 5.942e-14, 6.773e-14
     59707.6536, 3.634e-11, 4.128e-11, 5.948e-14, 6.755e-14
     59707.6539, 3.629e-11, 4.128e-11, 5.936e-14, 6.77e-14
     59707.6542, 3.628e-11, 4.135e-11, 5.928e-14, 6.79e-14
     59707.6545, 3.631e-11, 4.129e-11, 5.95e-14, 6.774e-14
     59707.6548, 3.632e-11, 4.136e-11, 5.938e-14, 6.773e-14
     59707.6551, 3.633e-11, 4.134e-11, 5.939e-14, 6.782e-14
     59707.6554, 3.629e-11, 4.132e-11, 5.929e-14, 6.767e-14
     59707.6557, 3.63e-11, 4.127e-11, 5.931e-14, 6.758e-14
      59707.656, 3.629e-11, 4.127e-11, 5.937e-14, 6.758e-14
     59707.6563, 3.637e-11, 4.132e-11, 5.936e-14, 6.777e-14
     59707.6566, 3.636e-11, 4.126e-11, 5.947e-14, 6.763e-14
     59707.6569, 3.631e-11, 4.125e-11, 5.924e-14, 6.77e-14
     59707.6572, 3.626e-11, 4.126e-11, 5.925e-14, 6.773e-14
     59707.6575, 3.632e-11, 4.121e-11, 5.937e-14, 6.757e-14
     59707.6578, 3.635e-11, 4.128e-11, 5.955e-14, 6.786e-14
     59707.6581, 3.633e-11, 4.119e-11, 5.939e-14, 6.751e-14
     59707.6584, 3.632e-11, 4.125e-11, 5.954e-14, 6.785e-14
     59707.6587, 3.633e-11, 4.119e-11, 5.942e-14, 6.75e-14
      59707.659, 3.637e-11, 4.124e-11, 5.972e-14, 6.894e-14
     59707.6593, 3.632e-11, 4.118e-11, 5.952e-14, 6.755e-14
     59707.6596, 3.634e-11, 4.114e-11, 5.955e-14, 6.753e-14
     59707.6599, 3.631e-11, 4.114e-11, 5.933e-14, 6.758e-14
     59707.6602, 3.63e-11, 4.117e-11, 5.945e-14, 6.763e-14
     59707.6605, 3.629e-11, 4.12e-11, 5.938e-14, 6.799e-14
     59707.6608, 3.631e-11, 4.112e-11, 5.949e-14, 6.761e-14
     59707.6611, 3.636e-11, 4.117e-11, 5.949e-14, 6.78e-14
     59707.6614, 3.636e-11, 4.11e-11, 5.966e-14, 6.743e-14
     59707.6617, 3.627e-11, 4.111e-11, 5.925e-14, 6.751e-14
      59707.662, 3.629e-11, 4.109e-11, 5.938e-14, 6.743e-14
     59707.6623, 3.633e-11, 4.105e-11, 5.952e-14, 6.748e-14
     59707.6627, 3.633e-11, 4.104e-11, 5.957e-14, 6.73e-14
      59707.663, 3.63e-11, 4.109e-11, 5.93e-14, 6.748e-14
     59707.6633, 3.637e-11, 4.105e-11, 5.964e-14, 6.756e-14
     59707.6636, 3.63e-11, 4.101e-11, 5.952e-14, 6.741e-14
     59707.6639, 3.631e-11, 4.103e-11, 5.943e-14, 6.73e-14
     59707.6642, 3.632e-11, 4.101e-11, 5.961e-14, 6.736e-14
     59707.6645, 3.63e-11, 4.099e-11, 5.937e-14, 6.745e-14
     59707.6648, 3.622e-11, 4.09e-11, 5.919e-14, 6.707e-14
     59707.6651, 3.627e-11, 4.092e-11, 5.946e-14, 6.716e-14
     59707.6654, 3.633e-11, 4.098e-11, 5.965e-14, 6.752e-14
     59707.6657, 3.63e-11, 4.092e-11, 5.956e-14, 6.728e-14
      59707.666, 3.626e-11, 4.091e-11, 5.927e-14, 6.748e-14
     59707.6663, 3.629e-11, 4.086e-11, 5.943e-14, 6.707e-14
     59707.6666, 3.629e-11, 4.088e-11, 5.939e-14, 6.743e-14
     59707.6669, 3.632e-11, 4.084e-11, 5.961e-14, 6.701e-14
     59707.6672, 3.627e-11, 4.085e-11, 5.937e-14, 6.712e-14
     59707.6675, 3.631e-11, 4.078e-11, 5.951e-14, 6.697e-14
     59707.6678, 3.627e-11, 4.085e-11, 5.943e-14, 6.744e-14
     59707.6681, 3.623e-11, 4.079e-11, 5.921e-14, 6.695e-14
     59707.6684, 3.626e-11, 4.077e-11, 5.948e-14, 6.708e-14
     59707.6687, 3.628e-11, 4.072e-11, 5.939e-14, 6.713e-14
      59707.669, 3.628e-11, 4.071e-11, 5.983e-14, 6.707e-14
     59707.6693, 3.625e-11, 4.071e-11, 5.927e-14, 6.693e-14
     59707.6696, 3.626e-11, 4.067e-11, 5.936e-14, 6.687e-14
     59707.7062, 3.589e-11, 3.918e-11, 5.864e-14, 6.428e-14
     59707.7065, 3.587e-11, 3.923e-11, 5.864e-14, 6.427e-14
     59707.7068, 3.596e-11, 3.917e-11, 5.889e-14, 6.415e-14
     59707.7071, 3.592e-11, 3.92e-11, 5.87e-14, 6.415e-14
     59707.7074, 3.596e-11, 3.918e-11, 5.891e-14, 6.419e-14
     59707.7077, 3.594e-11, 3.925e-11, 5.863e-14, 6.438e-14
      59707.708, 3.594e-11, 3.921e-11, 5.864e-14, 6.413e-14
     59707.7083, 3.591e-11, 3.919e-11, 5.864e-14, 6.414e-14
     59707.7086, 3.596e-11, 3.92e-11, 5.876e-14, 6.402e-14
     59707.7089, 3.594e-11, 3.924e-11, 5.859e-14, 6.445e-14
     59707.7092, 3.59e-11, 3.924e-11, 5.868e-14, 6.442e-14
     59707.7095, 3.597e-11, 3.921e-11, 5.87e-14, 6.425e-14
     59707.7098, 3.592e-11, 3.915e-11, 5.865e-14, 6.409e-14
     59707.7101, 3.592e-11, 3.922e-11, 5.862e-14, 6.431e-14
     59707.7104, 3.592e-11, 3.92e-11, 5.868e-14, 6.427e-14
     59707.7107, 3.596e-11, 3.925e-11, 5.886e-14, 6.602e-14
      59707.711, 3.592e-11, 3.916e-11, 5.852e-14, 6.397e-14
     59707.7113, 3.591e-11, 3.925e-11, 5.872e-14, 6.435e-14
     59707.7116, 3.592e-11, 3.927e-11, 5.857e-14, 6.445e-14
     59707.7119, 3.588e-11, 3.925e-11, 5.867e-14, 6.426e-14
     59707.7122, 3.593e-11, 3.93e-11, 5.874e-14, 6.442e-14
     59707.7125, 3.591e-11, 3.923e-11, 5.864e-14, 6.405e-14
     59707.7128, 3.594e-11, 3.926e-11, 5.889e-14, 6.408e-14
     59707.7131, 3.591e-11, 3.929e-11, 5.86e-14, 6.425e-14
     59707.7134, 3.597e-11, 3.93e-11, 5.87e-14, 6.442e-14
     59707.7137, 3.592e-11, 3.924e-11, 5.856e-14, 6.424e-14
      59707.714, 3.587e-11, 3.926e-11, 5.851e-14, 6.441e-14
     59707.7143, 3.592e-11, 3.928e-11, 5.851e-14, 6.448e-14
     59707.7146, 3.593e-11, 3.929e-11, 5.874e-14, 6.435e-14
     59707.7149, 3.587e-11, 3.932e-11, 5.855e-14, 6.464e-14
     59707.7152, 3.592e-11, 3.93e-11, 5.865e-14, 6.425e-14
     59707.7155, 3.593e-11, 3.933e-11, 5.88e-14, 6.437e-14
     59707.7158, 3.587e-11, 3.928e-11, 5.874e-14, 6.447e-14
     59707.7161, 3.591e-11, 3.931e-11, 5.875e-14, 6.448e-14
     59707.7164, 3.593e-11, 3.932e-11, 5.866e-14, 6.434e-14
     59707.7167, 3.593e-11, 3.935e-11, 5.869e-14, 6.45e-14
      59707.717, 3.586e-11, 3.934e-11, 5.85e-14, 6.444e-14
     59707.7173, 3.593e-11, 3.941e-11, 5.888e-14, 6.476e-14
     59707.7176, 3.587e-11, 3.936e-11, 5.856e-14, 6.468e-14
     59707.7179, 3.593e-11, 3.941e-11, 5.929e-14, 6.481e-14
     59707.7182, 3.59e-11, 3.937e-11, 5.87e-14, 6.45e-14
     59707.7185, 3.589e-11, 3.937e-11, 5.86e-14, 6.439e-14
     59707.7188, 3.588e-11, 3.943e-11, 6.284e-14, 6.464e-14
     59707.7191, 3.594e-11, 3.939e-11, 5.879e-14, 6.444e-14
     59707.7194, 3.591e-11, 3.94e-11, 5.848e-14, 6.468e-14
     59707.7197, 3.596e-11, 3.942e-11, 5.887e-14, 6.469e-14
       59707.72, 3.583e-11, 3.94e-11, 5.837e-14, 6.454e-14
     59707.7203, 3.589e-11, 3.942e-11, 5.864e-14, 6.459e-14
     59707.7206, 3.587e-11, 3.944e-11, 5.851e-14, 6.455e-14
     59707.7209, 3.593e-11, 3.944e-11, 5.878e-14, 6.447e-14
     59707.7212, 3.588e-11, 3.944e-11, 5.857e-14, 6.47e-14
     59707.7215, 3.594e-11, 3.949e-11, 5.895e-14, 6.484e-14
     59707.7218, 3.592e-11, 3.95e-11, 6.525e-14, 6.482e-14
     59707.7221, 3.591e-11, 3.949e-11, 5.875e-14, 6.476e-14
     59707.7224, 3.585e-11, 3.947e-11, 5.87e-14, 6.468e-14
     59707.7227, 3.59e-11, 3.948e-11, 5.861e-14, 6.468e-14
      59707.723, 3.593e-11, 3.95e-11, 5.878e-14, 7.291e-14
     59707.7233, 3.593e-11, 3.961e-11, 5.891e-14, 6.509e-14
     59707.7236, 3.59e-11, 3.954e-11, 5.865e-14, 6.485e-14
     59707.7239, 3.593e-11, 3.959e-11, 5.894e-14, 6.513e-14
     59707.7242, 3.59e-11, 3.959e-11, 5.88e-14, 6.494e-14
     59707.7245, 3.595e-11, 3.957e-11, 5.886e-14, 6.495e-14
     59707.7248, 3.592e-11, 3.957e-11, 5.879e-14, 6.479e-14
     59707.7252, 3.592e-11, 3.96e-11, 5.884e-14, 6.511e-14
     59707.7255, 3.598e-11, 3.967e-11, 5.904e-14, 6.527e-14
     59707.7258, 3.591e-11, 3.959e-11, 5.874e-14, 6.504e-14
     59707.7261, 3.592e-11, 3.967e-11, 5.888e-14, 6.534e-14
     59707.7264, 3.593e-11, 3.97e-11, 5.89e-14, 6.535e-14
     59707.7267, 3.595e-11, 3.974e-11, 5.886e-14, 6.539e-14
      59707.727, 3.587e-11, 3.971e-11, 5.856e-14, 7.713e-14
     59707.7273, 3.587e-11, 3.968e-11, 5.901e-14, 6.504e-14
     59707.7276, 3.59e-11, 3.972e-11, 5.877e-14, 6.616e-14
     59707.7279, 3.589e-11, 3.968e-11, 5.896e-14, 6.519e-14
     59707.7282, 3.587e-11, 3.975e-11, 5.853e-14, 6.548e-14
     59707.7285, 3.592e-11, 3.976e-11, 5.933e-14, 6.532e-14
     59707.7288, 3.596e-11, 3.975e-11, 5.909e-14, 6.505e-14
     59707.7291, 3.595e-11, 3.977e-11, 5.876e-14, 6.513e-14
     59707.7294, 3.591e-11, 3.979e-11, 5.875e-14, 6.548e-14
     59707.7297, 3.591e-11, 3.983e-11, 5.87e-14, 6.558e-14
       59707.73, 3.588e-11, 3.979e-11, 5.868e-14, 6.552e-14
     59707.7303, 3.592e-11, 3.981e-11, 5.883e-14, 6.55e-14
     59707.7306, 3.595e-11, 3.982e-11, 5.909e-14, 6.542e-14
     59707.7309, 3.591e-11, 3.977e-11, 5.886e-14, 6.536e-14
     59707.7312, 3.59e-11, 3.984e-11, 5.883e-14, 6.567e-14
     59707.7315, 3.589e-11, 3.99e-11, 5.866e-14, 6.571e-14
     59707.7318, 3.59e-11, 3.99e-11, 5.881e-14, 6.542e-14
     59707.7321, 3.587e-11, 3.988e-11, 5.868e-14, 6.558e-14
     59707.7324, 3.586e-11, 3.989e-11, 5.869e-14, 6.545e-14
     59707.7327, 3.586e-11, 3.991e-11, 5.857e-14, 6.569e-14
      59707.733, 3.589e-11, 3.991e-11, 5.887e-14, 6.554e-14
     59707.7333, 3.588e-11, 3.987e-11, 5.864e-14, 6.544e-14
     59707.7336, 3.585e-11, 3.988e-11, 5.865e-14, 6.542e-14
     59707.7339, 3.585e-11, 3.991e-11, 5.868e-14, 6.548e-14
     59707.7342, 3.588e-11, 3.997e-11, 5.87e-14, 6.568e-14
     59707.7345, 3.593e-11, 3.997e-11, 5.893e-14, 6.581e-14
     59707.7348, 3.591e-11, 3.992e-11, 5.88e-14, 6.549e-14
     59707.7351, 3.591e-11, 4e-11, 5.874e-14, 6.566e-14
     59707.7354, 3.589e-11, 3.999e-11, 5.875e-14, 6.573e-14
     59707.7357, 3.592e-11, 4e-11, 5.891e-14, 6.588e-14
      59707.736, 3.591e-11, 4.003e-11, 5.878e-14, 6.598e-14
     59707.7677, 3.574e-11, 4.011e-11, 5.848e-14, 6.58e-14
      59707.768, 3.57e-11, 4.013e-11, 5.831e-14, 6.558e-14
     59707.7683, 3.578e-11, 4.014e-11, 5.862e-14, 6.575e-14
     59707.7686, 3.577e-11, 4.017e-11, 5.851e-14, 6.585e-14
     59707.7689, 3.576e-11, 4.014e-11, 5.844e-14, 6.565e-14
     59707.7692, 3.574e-11, 4.012e-11, 5.821e-14, 6.551e-14
     59707.7695, 3.574e-11, 4.014e-11, 5.837e-14, 6.568e-14
     59707.7698, 3.578e-11, 4.019e-11, 5.848e-14, 6.594e-14
     59707.7701, 3.575e-11, 4.013e-11, 5.84e-14, 6.542e-14
     59707.7704, 3.574e-11, 4.018e-11, 5.836e-14, 6.576e-14
     59707.7707, 3.577e-11, 4.016e-11, 5.842e-14, 6.563e-14
      59707.771, 3.575e-11, 4.022e-11, 5.857e-14, 6.602e-14
     59707.7713, 3.576e-11, 4.014e-11, 5.842e-14, 6.547e-14
     59707.7716, 3.572e-11, 4.021e-11, 5.818e-14, 6.594e-14
     59707.7719, 3.572e-11, 4.015e-11, 5.835e-14, 6.554e-14
     59707.7722, 3.575e-11, 4.015e-11, 5.844e-14, 6.55e-14
     59707.7725, 3.574e-11, 4.015e-11, 5.832e-14, 6.558e-14
     59707.7728, 3.578e-11, 4.019e-11, 5.857e-14, 6.592e-14
     59707.7731, 3.575e-11, 4.012e-11, 5.843e-14, 6.535e-14
     59707.7734, 3.572e-11, 4.021e-11, 5.838e-14, 6.562e-14
     59707.7737, 3.581e-11, 4.015e-11, 5.85e-14, 6.563e-14
      59707.774, 3.574e-11, 4.017e-11, 5.831e-14, 6.565e-14
     59707.7743, 3.57e-11, 4.019e-11, 5.824e-14, 6.568e-14
     59707.7746, 3.576e-11, 4.018e-11, 5.865e-14, 6.564e-14
     59707.7749, 3.577e-11, 4.021e-11, 5.85e-14, 6.572e-14
     59707.7752, 3.572e-11, 4.019e-11, 5.829e-14, 6.591e-14
     59707.7755, 3.57e-11, 4.016e-11, 6.303e-14, 6.57e-14
     59707.7758, 3.57e-11, 4.018e-11, 5.832e-14, 6.57e-14
     59707.7761, 3.571e-11, 4.014e-11, 5.832e-14, 6.564e-14
     59707.7764, 3.569e-11, 4.02e-11, 5.816e-14, 6.569e-14
     59707.7767, 3.575e-11, 4.018e-11, 5.834e-14, 6.583e-14
      59707.777, 3.57e-11, 4.024e-11, 5.824e-14, 6.584e-14
     59707.7773, 3.572e-11, 4.026e-11, 5.822e-14, 6.591e-14
     59707.7776, 3.578e-11, 4.019e-11, 5.847e-14, 6.559e-14
     59707.7779, 3.575e-11, 4.022e-11, 5.833e-14, 6.58e-14
     59707.7782, 3.573e-11, 4.017e-11, 5.819e-14, 6.561e-14
     59707.7785, 3.571e-11, 4.028e-11, 5.834e-14, 6.598e-14
     59707.7788, 3.57e-11, 4.022e-11, 5.818e-14, 6.548e-14
     59707.7791, 3.572e-11, 4.021e-11, 5.834e-14, 6.578e-14
     59707.7794, 3.569e-11, 4.025e-11, 5.832e-14, 6.589e-14
     59707.7797, 3.575e-11, 4.022e-11, 5.833e-14, 6.582e-14
       59707.78, 3.57e-11, 4.026e-11, 5.817e-14, 6.574e-14
     59707.7803, 3.572e-11, 4.027e-11, 5.832e-14, 6.576e-14
     59707.7806, 3.576e-11, 4.025e-11, 5.838e-14, 6.578e-14
     59707.7809, 3.577e-11, 4.025e-11, 5.831e-14, 6.58e-14
     59707.7812, 3.573e-11, 4.023e-11, 5.837e-14, 6.573e-14
     59707.7815, 3.572e-11, 4.022e-11, 5.826e-14, 6.564e-14
     59707.7818, 3.571e-11, 4.029e-11, 5.828e-14, 6.59e-14
     59707.7821, 3.574e-11, 4.023e-11, 5.831e-14, 6.575e-14
     59707.7824, 3.574e-11, 4.03e-11, 5.844e-14, 6.606e-14
     59707.7827, 3.573e-11, 4.021e-11, 5.823e-14, 6.573e-14
      59707.783, 3.575e-11, 4.032e-11, 5.838e-14, 6.607e-14
     59707.7833, 3.574e-11, 4.025e-11, 5.834e-14, 6.593e-14
     59707.7836, 3.575e-11, 4.029e-11, 5.837e-14, 6.574e-14
     59707.7839, 3.575e-11, 4.027e-11, 5.848e-14, 6.563e-14
     59707.7842, 3.575e-11, 4.03e-11, 5.837e-14, 6.577e-14
     59707.7845, 3.575e-11, 4.026e-11, 5.835e-14, 6.57e-14
     59707.7848, 3.575e-11, 4.033e-11, 5.874e-14, 6.589e-14
     59707.7851, 3.578e-11, 4.04e-11, 5.848e-14, 6.62e-14
     59707.7854, 3.574e-11, 4.027e-11, 5.822e-14, 6.565e-14
     59707.7857, 3.576e-11, 4.039e-11, 5.846e-14, 6.628e-14
      59707.786, 3.577e-11, 4.039e-11, 5.843e-14, 6.61e-14
     59707.7863, 3.575e-11, 4.036e-11, 5.832e-14, 6.61e-14
     59707.7866, 3.578e-11, 4.042e-11, 5.846e-14, 6.624e-14
     59707.7869, 3.574e-11, 4.041e-11, 5.836e-14, 6.606e-14
     59707.7872, 3.576e-11, 4.037e-11, 5.823e-14, 6.604e-14
     59707.7875, 3.575e-11, 4.042e-11, 5.833e-14, 6.617e-14
     59707.7878, 3.579e-11, 4.038e-11, 5.86e-14, 6.603e-14
     59707.7881, 3.574e-11, 4.039e-11, 5.832e-14, 6.592e-14
     59707.7884, 3.579e-11, 4.046e-11, 5.852e-14, 6.635e-14
     59707.7887, 3.578e-11, 4.042e-11, 5.85e-14, 6.632e-14
     59707.7891, 3.578e-11, 4.046e-11, 5.856e-14, 6.631e-14
     59707.7894, 3.581e-11, 4.049e-11, 5.86e-14, 6.628e-14
     59707.7897, 3.58e-11, 4.049e-11, 5.869e-14, 6.645e-14
       59707.79, 3.578e-11, 4.05e-11, 5.845e-14, 6.656e-14
     59707.7903, 3.578e-11, 4.048e-11, 5.842e-14, 6.631e-14
     59707.7906, 3.584e-11, 4.054e-11, 5.867e-14, 6.646e-14
     59707.7909, 3.581e-11, 4.053e-11, 5.862e-14, 6.645e-14
     59707.7912, 3.58e-11, 4.056e-11, 5.855e-14, 6.652e-14
     59707.7915, 3.58e-11, 4.047e-11, 5.854e-14, 6.619e-14
     59707.7918, 3.58e-11, 4.052e-11, 6.307e-14, 6.644e-14
     59707.7921, 3.578e-11, 4.052e-11, 5.844e-14, 6.646e-14
     59707.7924, 3.582e-11, 4.051e-11, 5.86e-14, 6.634e-14
     59707.7927, 3.581e-11, 4.053e-11, 5.85e-14, 6.648e-14
      59707.793, 3.586e-11, 4.06e-11, 5.876e-14, 6.67e-14
     59707.7933, 3.585e-11, 4.058e-11, 5.867e-14, 6.648e-14
     59707.7936, 3.582e-11, 4.059e-11, 5.87e-14, 6.664e-14
     59707.7939, 3.579e-11, 4.061e-11, 5.84e-14, 6.678e-14
     59707.7942, 3.582e-11, 4.059e-11, 5.857e-14, 6.635e-14
     59707.7945, 3.588e-11, 4.06e-11, 5.874e-14, 6.658e-14
     59707.7948, 3.583e-11, 4.065e-11, 5.867e-14, 6.665e-14
     59707.7951, 3.584e-11, 4.062e-11, 5.877e-14, 6.659e-14
     59707.7954, 3.587e-11, 4.066e-11, 5.874e-14, 6.665e-14
     59707.7957, 3.578e-11, 4.061e-11, 5.833e-14, 6.651e-14
      59707.796, 3.588e-11, 4.061e-11, 5.872e-14, 6.664e-14
     59707.7963, 3.584e-11, 4.07e-11, 5.86e-14, 6.67e-14
     59707.7966, 3.584e-11, 4.065e-11, 5.873e-14, 6.661e-14
     59707.7969, 3.583e-11, 4.066e-11, 5.876e-14, 6.664e-14
     59707.7972, 3.585e-11, 4.064e-11, 5.876e-14, 6.648e-14
     59707.7975, 3.582e-11, 4.073e-11, 5.853e-14, 6.708e-14
     59707.8341, 3.598e-11, 4.123e-11, 5.865e-14, 6.752e-14
     59707.8344, 3.606e-11, 4.124e-11, 5.887e-14, 6.745e-14
     59707.8347, 3.604e-11, 4.125e-11, 5.878e-14, 6.757e-14
      59707.835, 3.604e-11, 4.127e-11, 5.876e-14, 6.771e-14
     59707.8353, 3.606e-11, 4.121e-11, 5.887e-14, 6.737e-14
     59707.8356, 3.607e-11, 4.12e-11, 5.901e-14, 6.728e-14
     59707.8359, 3.607e-11, 4.128e-11, 5.88e-14, 6.789e-14
     59707.8362, 3.606e-11, 4.126e-11, 5.866e-14, 6.755e-14
     59707.8365, 3.61e-11, 4.121e-11, 5.886e-14, 6.733e-14
     59707.8368, 3.606e-11, 4.129e-11, 5.883e-14, 6.776e-14
     59707.8371, 3.608e-11, 4.122e-11, 5.888e-14, 6.772e-14
     59707.8374, 3.605e-11, 4.123e-11, 5.861e-14, 6.766e-14
     59707.8377, 3.609e-11, 4.118e-11, 5.893e-14, 6.752e-14
      59707.838, 3.607e-11, 4.118e-11, 5.876e-14, 6.744e-14
     59707.8383, 3.601e-11, 4.118e-11, 5.881e-14, 6.755e-14
     59707.8386, 3.606e-11, 4.118e-11, 5.869e-14, 6.762e-14
     59707.8389, 3.611e-11, 4.118e-11, 5.908e-14, 6.744e-14
     59707.8392, 3.608e-11, 4.118e-11, 5.886e-14, 6.743e-14
     59707.8395, 3.613e-11, 4.114e-11, 5.903e-14, 6.734e-14
     59707.8398, 3.612e-11, 4.107e-11, 5.902e-14, 6.716e-14
     59707.8401, 3.603e-11, 4.113e-11, 5.86e-14, 6.737e-14
     59707.8404, 3.605e-11, 4.116e-11, 5.879e-14, 6.735e-14
     59707.8407, 3.61e-11, 4.112e-11, 5.882e-14, 6.727e-14
      59707.841, 3.607e-11, 4.112e-11, 5.88e-14, 6.735e-14
     59707.8413, 3.611e-11, 4.109e-11, 5.893e-14, 6.725e-14
     59707.8416, 3.613e-11, 4.112e-11, 5.887e-14, 6.721e-14
     59707.8419, 3.608e-11, 4.104e-11, 5.899e-14, 6.698e-14
     59707.8422, 3.609e-11, 4.109e-11, 5.886e-14, 6.723e-14
     59707.8425, 3.609e-11, 4.111e-11, 5.885e-14, 6.738e-14
     59707.8428, 3.608e-11, 4.107e-11, 5.891e-14, 6.692e-14
     59707.8431, 3.61e-11, 4.106e-11, 5.885e-14, 6.709e-14
     59707.8434, 3.61e-11, 4.11e-11, 5.881e-14, 6.734e-14
     59707.8437, 3.609e-11, 4.108e-11, 5.887e-14, 6.73e-14
      59707.844, 3.609e-11, 4.102e-11, 6.484e-14, 6.694e-14
     59707.8443, 3.609e-11, 4.105e-11, 5.879e-14, 6.7e-14
     59707.8446, 3.614e-11, 4.103e-11, 5.898e-14, 6.711e-14
     59707.8449, 3.61e-11, 4.099e-11, 5.886e-14, 6.717e-14
     59707.8452, 3.608e-11, 4.102e-11, 5.885e-14, 6.781e-14
     59707.8455, 3.612e-11, 4.103e-11, 5.892e-14, 6.729e-14
     59707.8458, 3.609e-11, 4.101e-11, 6.699e-14, 6.704e-14
     59707.8461, 3.607e-11, 4.101e-11, 5.875e-14, 6.703e-14
     59707.8464, 3.611e-11, 4.104e-11, 5.887e-14, 6.714e-14
     59707.8467, 3.608e-11, 4.099e-11, 5.87e-14, 6.699e-14
      59707.847, 3.61e-11, 4.099e-11, 5.894e-14, 6.726e-14
     59707.8473, 3.611e-11, 4.098e-11, 5.9e-14, 6.702e-14
     59707.8477, 3.614e-11, 4.099e-11, 5.891e-14, 6.73e-14
      59707.848, 3.613e-11, 4.094e-11, 5.884e-14, 6.71e-14
     59707.8483, 3.616e-11, 4.091e-11, 5.908e-14, 6.688e-14
     59707.8486, 3.614e-11, 4.093e-11, 5.894e-14, 6.693e-14
     59707.8489, 3.611e-11, 4.1e-11, 5.894e-14, 6.698e-14
     59707.8492, 3.615e-11, 4.096e-11, 5.895e-14, 6.685e-14
     59707.8495, 3.613e-11, 4.087e-11, 5.891e-14, 6.69e-14
     59707.8498, 3.614e-11, 4.088e-11, 5.901e-14, 6.687e-14
     59707.8501, 3.613e-11, 4.092e-11, 5.88e-14, 6.716e-14
     59707.8504, 3.614e-11, 4.092e-11, 5.901e-14, 6.721e-14
     59707.8507, 3.614e-11, 4.09e-11, 5.906e-14, 6.865e-14
      59707.851, 3.612e-11, 4.088e-11, 5.882e-14, 6.691e-14
     59707.8513, 3.616e-11, 4.083e-11, 5.898e-14, 6.677e-14
     59707.8516, 3.617e-11, 4.083e-11, 5.909e-14, 6.68e-14
     59707.8519, 3.62e-11, 4.084e-11, 5.901e-14, 6.687e-14
     59707.8522, 3.615e-11, 4.087e-11, 5.89e-14, 6.695e-14
     59707.8525, 3.615e-11, 4.079e-11, 5.904e-14, 6.671e-14
     59707.8528, 3.615e-11, 4.083e-11, 5.893e-14, 6.712e-14
     59707.8531, 3.615e-11, 4.079e-11, 5.891e-14, 6.684e-14
     59707.8534, 3.614e-11, 4.079e-11, 5.878e-14, 6.672e-14
     59707.8537, 3.614e-11, 4.082e-11, 5.885e-14, 6.686e-14
      59707.854, 3.614e-11, 4.075e-11, 5.889e-14, 6.688e-14
     59707.8543, 3.619e-11, 4.077e-11, 5.905e-14, 6.692e-14
     59707.8546, 3.62e-11, 4.079e-11, 5.904e-14, 6.68e-14
     59707.8549, 3.616e-11, 4.076e-11, 5.904e-14, 6.685e-14
     59707.8552, 3.621e-11, 4.077e-11, 5.922e-14, 6.697e-14
     59707.8555, 3.615e-11, 4.068e-11, 5.884e-14, 6.653e-14
     59707.8558, 3.62e-11, 4.076e-11, 5.894e-14, 6.673e-14
     59707.8561, 3.621e-11, 4.074e-11, 5.943e-14, 6.687e-14
     59707.8564, 3.622e-11, 4.072e-11, 5.923e-14, 6.678e-14
     59707.8567, 3.616e-11, 4.07e-11, 5.91e-14, 6.688e-14
      59707.857, 3.623e-11, 4.073e-11, 5.92e-14, 6.69e-14
     59707.8573, 3.618e-11, 4.074e-11, 5.904e-14, 6.7e-14
     59707.8576, 3.625e-11, 4.064e-11, 5.939e-14, 6.674e-14
     59707.8579, 3.623e-11, 4.071e-11, 5.926e-14, 6.692e-14
     59707.8582, 3.623e-11, 4.067e-11, 5.919e-14, 6.666e-14
     59707.8585, 3.622e-11, 4.066e-11, 5.913e-14, 6.659e-14
     59707.8588, 3.621e-11, 4.068e-11, 5.921e-14, 6.687e-14
     59707.8591, 3.622e-11, 4.065e-11, 5.905e-14, 6.676e-14
     59707.8594, 3.623e-11, 4.065e-11, 5.931e-14, 6.694e-14
     59707.8597, 3.624e-11, 4.056e-11, 5.916e-14, 6.642e-14
       59707.86, 3.623e-11, 4.069e-11, 5.919e-14, 6.701e-14
     59707.8603, 3.622e-11, 4.059e-11, 5.933e-14, 6.663e-14
     59707.8606, 3.627e-11, 4.061e-11, 5.928e-14, 6.681e-14
     59707.8609, 3.62e-11, 4.058e-11, 5.918e-14, 6.666e-14
     59707.8612, 3.62e-11, 4.06e-11, 5.913e-14, 6.685e-14
     59707.8615, 3.619e-11, 4.056e-11, 5.909e-14, 6.676e-14
     59707.8618, 3.62e-11, 4.054e-11, 5.923e-14, 6.664e-14
     59707.8621, 3.623e-11, 4.053e-11, 5.911e-14, 6.65e-14
     59707.8624, 3.622e-11, 4.053e-11, 5.921e-14, 6.674e-14
     59707.8627, 3.628e-11, 4.049e-11, 5.945e-14, 6.653e-14
      59707.863, 3.624e-11, 4.043e-11, 5.918e-14, 6.63e-14
     59707.8633, 3.621e-11, 4.046e-11, 5.908e-14, 6.661e-14
     59707.8636, 3.628e-11, 4.047e-11, 5.943e-14, 6.653e-14
     59707.8639, 3.625e-11, 4.046e-11, 5.947e-14, 6.67e-14
     59707.9026, 3.584e-11, 3.84e-11, 5.892e-14, 6.278e-14
     59707.9029, 3.591e-11, 3.84e-11, 6.101e-14, 6.289e-14
     59707.9032, 3.585e-11, 3.84e-11, 6.911e-14, 6.276e-14
     59707.9035, 3.588e-11, 3.843e-11, 5.9e-14, 6.289e-14
     59707.9038, 3.587e-11, 3.844e-11, 6.102e-14, 6.301e-14
     59707.9041, 3.587e-11, 3.843e-11, 5.895e-14, 6.293e-14
     59707.9044, 3.586e-11, 3.846e-11, 5.895e-14, 6.297e-14
     59707.9047, 3.589e-11, 3.844e-11, 6.12e-14, 6.302e-14
      59707.905, 3.584e-11, 3.844e-11, 5.894e-14, 6.29e-14
     59707.9053, 3.589e-11, 3.841e-11, 5.917e-14, 6.276e-14
     59707.9056, 3.584e-11, 3.843e-11, 5.893e-14, 6.283e-14
     59707.9059, 3.582e-11, 3.842e-11, 5.882e-14, 6.3e-14
     59707.9062, 3.59e-11, 3.849e-11, 5.906e-14, 6.304e-14
     59707.9066, 3.581e-11, 3.845e-11, 5.884e-14, 6.282e-14
     59707.9069, 3.587e-11, 3.849e-11, 5.9e-14, 6.298e-14
     59707.9072, 3.586e-11, 3.846e-11, 5.897e-14, 6.303e-14
     59707.9075, 3.581e-11, 3.841e-11, 5.875e-14, 6.259e-14
     59707.9078, 3.581e-11, 3.848e-11, 5.863e-14, 6.297e-14
     59707.9081, 3.58e-11, 3.846e-11, 5.884e-14, 6.284e-14
     59707.9084, 3.579e-11, 3.85e-11, 5.867e-14, 6.297e-14
     59707.9087, 3.578e-11, 3.851e-11, 5.868e-14, 6.301e-14
      59707.909, 3.587e-11, 3.854e-11, 5.917e-14, 6.307e-14
     59707.9093, 3.582e-11, 3.853e-11, 5.884e-14, 6.299e-14
     59707.9096, 3.583e-11, 3.851e-11, 5.875e-14, 6.293e-14
     59707.9099, 3.579e-11, 3.852e-11, 5.875e-14, 6.296e-14
     59707.9102, 3.579e-11, 3.853e-11, 5.895e-14, 6.4e-14
     59707.9105, 3.578e-11, 3.856e-11, 5.882e-14, 6.303e-14
     59707.9108, 3.582e-11, 3.85e-11, 5.88e-14, 6.301e-14
     59707.9111, 3.584e-11, 3.853e-11, 5.886e-14, 6.4e-14
     59707.9114, 3.58e-11, 3.857e-11, 5.883e-14, 6.309e-14
     59707.9117, 3.58e-11, 3.851e-11, 5.897e-14, 6.291e-14
      59707.912, 3.58e-11, 3.861e-11, 5.872e-14, 6.317e-14
     59707.9123, 3.576e-11, 3.857e-11, 5.881e-14, 6.308e-14
     59707.9126, 3.58e-11, 3.859e-11, 5.875e-14, 6.304e-14
     59707.9129, 3.576e-11, 3.858e-11, 5.878e-14, 6.299e-14
     59707.9132, 3.575e-11, 3.857e-11, 5.869e-14, 6.315e-14
     59707.9135, 3.578e-11, 3.866e-11, 5.884e-14, 6.335e-14
     59707.9138, 3.579e-11, 3.861e-11, 5.881e-14, 6.312e-14
     59707.9141, 3.574e-11, 3.868e-11, 5.858e-14, 6.335e-14
     59707.9144, 3.575e-11, 3.861e-11, 5.875e-14, 6.307e-14
     59707.9147, 3.581e-11, 3.859e-11, 5.89e-14, 6.303e-14
      59707.915, 3.578e-11, 3.86e-11, 5.885e-14, 6.295e-14
     59707.9153, 3.572e-11, 3.871e-11, 5.875e-14, 6.322e-14
     59707.9156, 3.572e-11, 3.871e-11, 5.861e-14, 6.346e-14
     59707.9159, 3.58e-11, 3.866e-11, 5.892e-14, 6.321e-14
     59707.9162, 3.57e-11, 3.871e-11, 5.866e-14, 6.32e-14
     59707.9165, 3.58e-11, 3.869e-11, 5.895e-14, 6.303e-14
     59707.9168, 3.572e-11, 3.871e-11, 5.858e-14, 6.329e-14
     59707.9171, 3.578e-11, 3.875e-11, 5.906e-14, 6.342e-14
     59707.9174, 3.575e-11, 3.88e-11, 5.897e-14, 6.348e-14
     59707.9177, 3.576e-11, 3.877e-11, 5.88e-14, 6.353e-14
      59707.918, 3.572e-11, 3.877e-11, 5.877e-14, 6.335e-14
     59707.9183, 3.572e-11, 3.879e-11, 5.877e-14, 6.359e-14
     59707.9186, 3.568e-11, 3.883e-11, 6.068e-14, 6.36e-14
     59707.9189, 3.569e-11, 3.882e-11, 5.867e-14, 6.336e-14
     59707.9192, 3.574e-11, 3.886e-11, 5.884e-14, 6.375e-14
     59707.9195, 3.576e-11, 3.88e-11, 5.896e-14, 6.359e-14
     59707.9198, 3.576e-11, 3.883e-11, 5.89e-14, 6.348e-14
     59707.9201, 3.574e-11, 3.887e-11, 5.897e-14, 6.346e-14
     59707.9204, 3.57e-11, 3.892e-11, 5.885e-14, 6.379e-14
     59707.9207, 3.572e-11, 3.886e-11, 5.888e-14, 6.34e-14
      59707.921, 3.569e-11, 3.888e-11, 5.865e-14, 6.362e-14
     59707.9213, 3.571e-11, 3.895e-11, 5.874e-14, 6.374e-14
     59707.9216, 3.574e-11, 3.896e-11, 5.888e-14, 6.385e-14
     59707.9219, 3.567e-11, 3.9e-11, 5.858e-14, 6.398e-14
     59707.9222, 3.567e-11, 3.894e-11, 5.855e-14, 6.369e-14
     59707.9225, 3.572e-11, 3.901e-11, 5.883e-14, 6.405e-14
     59707.9228, 3.568e-11, 3.9e-11, 5.859e-14, 6.404e-14
     59707.9231, 3.567e-11, 3.897e-11, 5.876e-14, 6.373e-14
     59707.9234, 3.576e-11, 3.901e-11, 5.886e-14, 6.391e-14
     59707.9237, 3.571e-11, 3.901e-11, 5.884e-14, 6.385e-14
      59707.924, 3.574e-11, 3.903e-11, 5.884e-14, 6.402e-14
     59707.9243, 3.571e-11, 3.906e-11, 5.878e-14, 6.399e-14
     59707.9246, 3.571e-11, 3.912e-11, 5.87e-14, 6.423e-14
     59707.9249, 3.569e-11, 3.913e-11, 5.884e-14, 6.455e-14
     59707.9252, 3.566e-11, 3.913e-11, 5.879e-14, 6.415e-14
     59707.9255, 3.569e-11, 3.914e-11, 5.88e-14, 6.421e-14
     59707.9258, 3.57e-11, 3.918e-11, 5.894e-14, 6.431e-14
     59707.9261, 3.566e-11, 3.917e-11, 5.873e-14, 6.432e-14
     59707.9264, 3.568e-11, 3.918e-11, 5.852e-14, 6.406e-14
     59707.9267, 3.567e-11, 3.916e-11, 5.862e-14, 6.425e-14
      59707.927, 3.569e-11, 3.92e-11, 5.886e-14, 6.423e-14
     59707.9273, 3.568e-11, 3.92e-11, 5.88e-14, 6.432e-14
     59707.9276, 3.568e-11, 3.924e-11, 5.87e-14, 6.438e-14
     59707.9279, 3.571e-11, 3.924e-11, 5.883e-14, 6.429e-14
     59707.9282, 3.567e-11, 3.929e-11, 5.873e-14, 6.452e-14
     59707.9285, 3.565e-11, 3.926e-11, 5.87e-14, 6.404e-14
     59707.9288, 3.564e-11, 3.931e-11, 5.866e-14, 6.454e-14
     59707.9291, 3.567e-11, 3.932e-11, 5.867e-14, 6.456e-14
     59707.9294, 3.555e-11, 3.933e-11, 6.908e-14, 6.449e-14
     59707.9297, 3.568e-11, 3.935e-11, 5.886e-14, 6.475e-14
       59707.93, 3.566e-11, 3.937e-11, 5.88e-14, 6.456e-14
     59707.9303, 3.566e-11, 3.937e-11, 5.881e-14, 6.459e-14
     59707.9306, 3.562e-11, 3.937e-11, 5.871e-14, 6.451e-14
     59707.9309, 3.563e-11, 3.943e-11, 5.854e-14, 6.491e-14
     59707.9312, 3.564e-11, 3.94e-11, 5.882e-14, 6.455e-14
     59707.9315, 3.563e-11, 3.947e-11, 5.898e-14, 6.469e-14
     59707.9318, 3.562e-11, 3.949e-11, 5.856e-14, 6.493e-14
     59707.9321, 3.563e-11, 3.948e-11, 5.871e-14, 6.467e-14
     59707.9324, 3.562e-11, 3.947e-11, 5.863e-14, 6.473e-14
      59707.967, 3.53e-11, 4.061e-11, 5.819e-14, 6.637e-14
     59707.9673, 3.536e-11, 4.062e-11, 5.837e-14, 6.641e-14
     59707.9676, 3.529e-11, 4.061e-11, 5.807e-14, 6.641e-14
     59707.9679, 3.534e-11, 4.062e-11, 5.819e-14, 6.648e-14
     59707.9682, 3.532e-11, 4.064e-11, 5.805e-14, 6.651e-14
     59707.9685, 3.534e-11, 4.066e-11, 5.819e-14, 6.669e-14
     59707.9688, 3.538e-11, 4.067e-11, 5.827e-14, 6.634e-14
     59707.9691, 3.537e-11, 4.065e-11, 5.839e-14, 6.637e-14
     59707.9694, 3.528e-11, 4.061e-11, 5.798e-14, 6.632e-14
     59707.9697, 3.533e-11, 4.062e-11, 5.815e-14, 6.644e-14
       59707.97, 3.534e-11, 4.055e-11, 5.825e-14, 6.615e-14
     59707.9703, 3.533e-11, 4.061e-11, 5.833e-14, 6.636e-14
     59707.9706, 3.529e-11, 4.059e-11, 5.801e-14, 6.606e-14
     59707.9709, 3.531e-11, 4.059e-11, 5.815e-14, 6.62e-14
     59707.9712, 3.532e-11, 4.058e-11, 5.806e-14, 6.611e-14
     59707.9715, 3.534e-11, 4.058e-11, 5.829e-14, 6.623e-14
     59707.9718, 3.53e-11, 4.061e-11, 5.803e-14, 6.623e-14
     59707.9721, 3.534e-11, 4.059e-11, 5.832e-14, 6.622e-14
     59707.9724, 3.536e-11, 4.059e-11, 5.829e-14, 6.614e-14
     59707.9727, 3.529e-11, 4.057e-11, 5.799e-14, 6.619e-14
      59707.973, 3.534e-11, 4.053e-11, 5.819e-14, 6.594e-14
     59707.9733, 3.53e-11, 4.06e-11, 5.809e-14, 6.629e-14
     59707.9736, 3.53e-11, 4.062e-11, 5.818e-14, 6.647e-14
     59707.9739, 3.535e-11, 4.06e-11, 5.821e-14, 6.624e-14
     59707.9742, 3.536e-11, 4.056e-11, 5.823e-14, 6.602e-14
     59707.9745, 3.527e-11, 4.061e-11, 5.797e-14, 6.617e-14
     59707.9748, 3.531e-11, 4.055e-11, 5.812e-14, 6.607e-14
     59707.9751, 3.53e-11, 4.06e-11, 5.803e-14, 6.636e-14
     59707.9754, 3.529e-11, 4.06e-11, 5.812e-14, 6.622e-14
     59707.9757, 3.533e-11, 4.057e-11, 5.813e-14, 6.596e-14
      59707.976, 3.53e-11, 4.055e-11, 5.795e-14, 6.617e-14
     59707.9763, 3.534e-11, 4.058e-11, 5.815e-14, 6.711e-14
     59707.9766, 3.528e-11, 4.061e-11, 5.781e-14, 6.642e-14
     59707.9769, 3.538e-11, 4.058e-11, 5.82e-14, 6.629e-14
     59707.9772, 3.533e-11, 4.056e-11, 5.824e-14, 6.612e-14
     59707.9775, 3.534e-11, 4.056e-11, 5.824e-14, 6.614e-14
     59707.9778, 3.533e-11, 4.059e-11, 5.825e-14, 6.628e-14
     59707.9781, 3.534e-11, 4.056e-11, 5.828e-14, 6.613e-14
     59707.9784, 3.535e-11, 4.058e-11, 5.813e-14, 6.634e-14
     59707.9787, 3.524e-11, 4.061e-11, 5.788e-14, 6.65e-14
      59707.979, 3.533e-11, 4.057e-11, 5.812e-14, 6.617e-14
     59707.9793, 3.533e-11, 4.056e-11, 5.815e-14, 6.627e-14
     59707.9796, 3.533e-11, 4.057e-11, 5.827e-14, 6.622e-14
     59707.9799, 3.532e-11, 4.063e-11, 5.803e-14, 6.631e-14
     59707.9802, 3.534e-11, 4.056e-11, 5.808e-14, 6.616e-14
     59707.9805, 3.534e-11, 4.06e-11, 5.812e-14, 6.641e-14
     59707.9808, 3.531e-11, 4.058e-11, 5.809e-14, 6.642e-14
     59707.9811, 3.533e-11, 4.062e-11, 6.01e-14, 6.632e-14
     59707.9814, 3.531e-11, 4.058e-11, 5.802e-14, 6.619e-14
     59707.9817, 3.535e-11, 4.058e-11, 5.811e-14, 6.636e-14
      59707.982, 3.532e-11, 4.062e-11, 5.806e-14, 6.628e-14
     59707.9823, 3.536e-11, 4.063e-11, 5.821e-14, 6.641e-14
     59707.9826, 3.537e-11, 4.067e-11, 5.819e-14, 6.648e-14
     59707.9829, 3.537e-11, 4.061e-11, 5.823e-14, 6.625e-14
     59707.9832, 3.538e-11, 4.06e-11, 5.832e-14, 6.621e-14
     59707.9835, 3.536e-11, 4.063e-11, 5.821e-14, 6.64e-14
     59707.9838, 3.539e-11, 4.059e-11, 5.82e-14, 6.765e-14
     59707.9841, 3.535e-11, 4.066e-11, 5.816e-14, 6.653e-14
     59707.9844, 3.542e-11, 4.065e-11, 5.856e-14, 6.639e-14
     59707.9847, 3.54e-11, 4.068e-11, 5.818e-14, 6.658e-14
      59707.985, 3.537e-11, 4.062e-11, 5.812e-14, 6.626e-14
     59707.9853, 3.542e-11, 4.066e-11, 5.824e-14, 6.643e-14
     59707.9856, 3.54e-11, 4.063e-11, 5.824e-14, 6.64e-14
     59707.9859, 3.54e-11, 4.067e-11, 5.836e-14, 6.645e-14
     59707.9862, 3.541e-11, 4.065e-11, 5.84e-14, 6.652e-14
     59707.9865, 3.543e-11, 4.065e-11, 5.83e-14, 6.635e-14
     59707.9868, 3.541e-11, 4.065e-11, 5.824e-14, 6.647e-14
     59707.9871, 3.541e-11, 4.068e-11, 5.816e-14, 6.657e-14
     59707.9874, 3.537e-11, 4.075e-11, 5.819e-14, 6.66e-14
     59707.9877, 3.547e-11, 4.069e-11, 5.85e-14, 6.678e-14
      59707.988, 3.543e-11, 4.071e-11, 5.856e-14, 6.652e-14
     59707.9883, 3.539e-11, 4.073e-11, 5.816e-14, 6.659e-14
     59707.9886, 3.544e-11, 4.074e-11, 5.842e-14, 6.657e-14
     59707.9889, 3.549e-11, 4.075e-11, 5.86e-14, 6.686e-14
     59707.9892, 3.547e-11, 4.066e-11, 5.826e-14, 6.624e-14
     59707.9895, 3.548e-11, 4.075e-11, 5.841e-14, 6.767e-14
     59707.9898, 3.545e-11, 4.074e-11, 5.837e-14, 6.648e-14
     59707.9901, 3.548e-11, 4.076e-11, 5.847e-14, 6.675e-14
     59707.9904, 3.548e-11, 4.08e-11, 5.848e-14, 6.69e-14
     59707.9907, 3.549e-11, 4.081e-11, 5.862e-14, 6.688e-14
      59707.991, 3.55e-11, 4.084e-11, 5.867e-14, 6.697e-14
     59707.9913, 3.548e-11, 4.08e-11, 5.861e-14, 6.681e-14
     59707.9916, 3.554e-11, 4.085e-11, 5.863e-14, 6.695e-14
     59707.9919, 3.551e-11, 4.079e-11, 5.846e-14, 6.764e-14
     59707.9922, 3.548e-11, 4.082e-11, 5.833e-14, 6.679e-14
     59707.9925, 3.551e-11, 4.082e-11, 5.863e-14, 6.688e-14
     59707.9928, 3.548e-11, 4.078e-11, 5.85e-14, 6.661e-14
     59707.9931, 3.553e-11, 4.085e-11, 5.865e-14, 6.707e-14
     59707.9934, 3.558e-11, 4.085e-11, 5.876e-14, 6.693e-14
     59707.9937, 3.549e-11, 4.085e-11, 5.851e-14, 6.689e-14
      59707.994, 3.556e-11, 4.083e-11, 5.877e-14, 6.674e-14
     59707.9943, 3.553e-11, 4.082e-11, 5.849e-14, 6.684e-14
     59707.9946, 3.557e-11, 4.083e-11, 5.867e-14, 6.688e-14
     59707.9949, 3.553e-11, 4.087e-11, 5.862e-14, 6.696e-14
     59707.9952, 3.558e-11, 4.091e-11, 5.885e-14, 6.698e-14
     59707.9955, 3.558e-11, 4.09e-11, 5.862e-14, 6.693e-14
     59707.9958, 3.556e-11, 4.09e-11, 5.883e-14, 6.696e-14
     59707.9961, 3.557e-11, 4.092e-11, 5.882e-14, 6.722e-14
     59707.9964, 3.557e-11, 4.099e-11, 5.85e-14, 6.749e-14
     59707.9967, 3.557e-11, 4.094e-11, 5.863e-14, 6.71e-14
     59708.0334, 3.592e-11, 4.153e-11, 5.904e-14, 6.805e-14
     59708.0337, 3.598e-11, 4.152e-11, 5.928e-14, 6.768e-14
      59708.034, 3.598e-11, 4.149e-11, 5.918e-14, 6.768e-14
     59708.0343, 3.597e-11, 4.151e-11, 5.901e-14, 6.8e-14
     59708.0346, 3.603e-11, 4.149e-11, 5.931e-14, 6.775e-14
     59708.0349, 3.597e-11, 4.147e-11, 5.905e-14, 6.759e-14
     59708.0352, 3.597e-11, 4.145e-11, 5.906e-14, 6.748e-14
     59708.0355, 3.599e-11, 4.149e-11, 5.904e-14, 6.777e-14
     59708.0358, 3.601e-11, 4.149e-11, 5.925e-14, 6.775e-14
     59708.0361, 3.596e-11, 4.148e-11, 5.901e-14, 6.77e-14
     59708.0364, 3.604e-11, 4.147e-11, 5.932e-14, 6.777e-14
     59708.0367, 3.603e-11, 4.143e-11, 5.911e-14, 6.758e-14
      59708.037, 3.6e-11, 4.144e-11, 5.91e-14, 6.773e-14
     59708.0373, 3.603e-11, 4.146e-11, 5.929e-14, 6.768e-14
     59708.0376, 3.598e-11, 4.141e-11, 5.9e-14, 6.755e-14
     59708.0379, 3.6e-11, 4.143e-11, 5.904e-14, 6.769e-14
     59708.0382, 3.598e-11, 4.141e-11, 5.901e-14, 6.766e-14
     59708.0385, 3.605e-11, 4.141e-11, 5.925e-14, 6.752e-14
     59708.0388, 3.605e-11, 4.135e-11, 5.909e-14, 6.756e-14
     59708.0391, 3.603e-11, 4.134e-11, 5.927e-14, 6.734e-14
     59708.0394, 3.602e-11, 4.134e-11, 5.902e-14, 6.764e-14
     59708.0397, 3.602e-11, 4.134e-11, 5.923e-14, 6.768e-14
       59708.04, 3.601e-11, 4.132e-11, 5.909e-14, 6.759e-14
     59708.0403, 3.601e-11, 4.137e-11, 5.892e-14, 6.762e-14
     59708.0406, 3.601e-11, 4.131e-11, 5.908e-14, 6.73e-14
     59708.0409, 3.604e-11, 4.133e-11, 5.923e-14, 6.747e-14
     59708.0412, 3.601e-11, 4.127e-11, 5.915e-14, 6.732e-14
     59708.0415, 3.606e-11, 4.125e-11, 5.918e-14, 6.716e-14
     59708.0418, 3.601e-11, 4.123e-11, 5.899e-14, 6.738e-14
     59708.0421, 3.602e-11, 4.122e-11, 5.917e-14, 6.727e-14
     59708.0424, 3.599e-11, 4.124e-11, 5.907e-14, 6.727e-14
     59708.0427, 3.605e-11, 4.126e-11, 5.926e-14, 6.735e-14
      59708.043, 3.604e-11, 4.122e-11, 5.922e-14, 6.771e-14
     59708.0433, 3.596e-11, 4.123e-11, 5.893e-14, 6.744e-14
     59708.0436, 3.601e-11, 4.116e-11, 5.914e-14, 6.708e-14
     59708.0439, 3.599e-11, 4.112e-11, 5.909e-14, 6.702e-14
     59708.0442, 3.607e-11, 4.116e-11, 5.936e-14, 6.727e-14
     59708.0445, 3.605e-11, 4.118e-11, 6.111e-14, 6.733e-14
     59708.0448, 3.6e-11, 4.113e-11, 5.902e-14, 6.719e-14
     59708.0451, 3.604e-11, 4.112e-11, 5.915e-14, 6.706e-14
     59708.0454, 3.596e-11, 4.108e-11, 5.907e-14, 6.711e-14
     59708.0457, 3.604e-11, 4.106e-11, 5.914e-14, 6.704e-14
      59708.046, 3.6e-11, 4.105e-11, 5.906e-14, 6.701e-14
     59708.0463, 3.6e-11, 4.102e-11, 5.896e-14, 6.699e-14
     59708.0466, 3.6e-11, 4.103e-11, 5.915e-14, 6.709e-14
     59708.0469, 3.601e-11, 4.099e-11, 5.894e-14, 6.666e-14
     59708.0472, 3.601e-11, 4.101e-11, 5.897e-14, 6.715e-14
     59708.0475, 3.599e-11, 4.099e-11, 5.903e-14, 6.694e-14
     59708.0478, 3.602e-11, 4.092e-11, 5.912e-14, 6.771e-14
     59708.0481, 3.6e-11, 4.092e-11, 5.899e-14, 6.676e-14
     59708.0484, 3.604e-11, 4.094e-11, 5.925e-14, 6.702e-14
     59708.0487, 3.603e-11, 4.093e-11, 5.917e-14, 6.683e-14
      59708.049, 3.601e-11, 4.089e-11, 5.909e-14, 6.686e-14
     59708.0493, 3.6e-11, 4.09e-11, 6.133e-14, 6.685e-14
     59708.0496, 3.598e-11, 4.086e-11, 5.906e-14, 6.698e-14
     59708.0499, 3.601e-11, 4.084e-11, 5.919e-14, 6.663e-14
     59708.0502, 3.601e-11, 4.09e-11, 5.919e-14, 6.703e-14
     59708.0505, 3.602e-11, 4.079e-11, 5.924e-14, 6.675e-14
     59708.0508, 3.595e-11, 4.074e-11, 5.893e-14, 6.627e-14
     59708.0511, 3.602e-11, 4.077e-11, 5.911e-14, 6.66e-14
     59708.0514, 3.605e-11, 4.078e-11, 5.932e-14, 6.672e-14
     59708.0517, 3.599e-11, 4.07e-11, 6.136e-14, 6.646e-14
      59708.052, 3.599e-11, 4.074e-11, 5.907e-14, 6.663e-14
     59708.0523, 3.597e-11, 4.07e-11, 5.906e-14, 6.667e-14
     59708.0526, 3.602e-11, 4.07e-11, 5.927e-14, 6.655e-14
     59708.0529, 3.6e-11, 4.071e-11, 5.92e-14, 6.673e-14
     59708.0532, 3.606e-11, 4.074e-11, 5.94e-14, 6.693e-14
     59708.0535, 3.599e-11, 4.059e-11, 6.147e-14, 6.609e-14
     59708.0538, 3.602e-11, 4.065e-11, 5.924e-14, 6.65e-14
     59708.0541, 3.596e-11, 4.062e-11, 5.894e-14, 6.641e-14
     59708.0544, 3.602e-11, 4.06e-11, 5.924e-14, 6.635e-14
     59708.0547, 3.599e-11, 4.057e-11, 5.91e-14, 6.632e-14
      59708.055, 3.6e-11, 4.062e-11, 6.131e-14, 6.649e-14
     59708.0553, 3.601e-11, 4.055e-11, 5.933e-14, 6.646e-14
     59708.0556, 3.594e-11, 4.046e-11, 5.896e-14, 6.609e-14
     59708.0559, 3.594e-11, 4.058e-11, 5.902e-14, 6.648e-14
     59708.0562, 3.599e-11, 4.049e-11, 6.174e-14, 6.627e-14
     59708.0566, 3.595e-11, 4.051e-11, 5.903e-14, 6.637e-14
     59708.0569, 3.596e-11, 4.048e-11, 6.114e-14, 6.616e-14
     59708.0572, 3.6e-11, 4.044e-11, 5.914e-14, 6.622e-14
     59708.0575, 3.598e-11, 4.045e-11, 5.914e-14, 6.654e-14
     59708.0578, 3.597e-11, 4.046e-11, 5.904e-14, 6.627e-14
     59708.0581, 3.597e-11, 4.045e-11, 5.917e-14, 6.643e-14
     59708.0584, 3.594e-11, 4.039e-11, 5.909e-14, 6.616e-14
     59708.0587, 3.597e-11, 4.041e-11, 5.916e-14, 6.653e-14
      59708.059, 3.599e-11, 4.04e-11, 5.93e-14, 6.625e-14
     59708.0593, 3.595e-11, 4.037e-11, 5.91e-14, 6.63e-14
     59708.0596, 3.598e-11, 4.037e-11, 5.924e-14, 6.628e-14
     59708.0599, 3.592e-11, 4.031e-11, 5.905e-14, 6.622e-14
     59708.0602, 3.593e-11, 4.033e-11, 5.899e-14, 6.626e-14
     59708.0605, 3.59e-11, 4.026e-11, 5.918e-14, 6.602e-14
     59708.0608, 3.594e-11, 4.02e-11, 5.915e-14, 6.59e-14
     59708.0611, 3.593e-11, 4.024e-11, 5.91e-14, 6.589e-14
     59708.0614, 3.592e-11, 4.024e-11, 5.917e-14, 6.611e-14
     59708.0617, 3.596e-11, 4.021e-11, 5.917e-14, 6.6e-14
      59708.062, 3.594e-11, 4.016e-11, 5.894e-14, 6.575e-14
     59708.0623, 3.592e-11, 4.014e-11, 5.916e-14, 6.578e-14
     59708.0626, 3.594e-11, 4.015e-11, 5.913e-14, 6.595e-14
     59708.0629, 3.592e-11, 4.011e-11, 5.92e-14, 6.671e-14
     59708.0632, 3.59e-11, 4.006e-11, 5.91e-14, 6.569e-14
     59708.0998, 3.519e-11, 3.785e-11, 5.811e-14, 6.181e-14
     59708.1001, 3.519e-11, 3.79e-11, 5.802e-14, 6.206e-14
     59708.1004, 3.52e-11, 3.786e-11, 5.798e-14, 6.194e-14
     59708.1007, 3.51e-11, 3.782e-11, 5.769e-14, 6.163e-14
      59708.101, 3.525e-11, 3.787e-11, 5.827e-14, 6.177e-14
     59708.1013, 3.514e-11, 3.788e-11, 5.787e-14, 6.187e-14
     59708.1016, 3.521e-11, 3.781e-11, 5.806e-14, 6.177e-14
     59708.1019, 3.518e-11, 3.788e-11, 5.795e-14, 6.178e-14
     59708.1022, 3.519e-11, 3.789e-11, 5.805e-14, 6.178e-14
     59708.1025, 3.514e-11, 3.789e-11, 5.78e-14, 6.199e-14
     59708.1028, 3.517e-11, 3.789e-11, 5.807e-14, 7.199e-14
     59708.1031, 3.518e-11, 3.786e-11, 5.797e-14, 6.179e-14
     59708.1034, 3.517e-11, 3.79e-11, 5.791e-14, 6.22e-14
     59708.1037, 3.515e-11, 3.796e-11, 5.8e-14, 6.23e-14
      59708.104, 3.516e-11, 3.786e-11, 5.804e-14, 6.178e-14
     59708.1043, 3.506e-11, 3.786e-11, 5.759e-14, 6.175e-14
     59708.1046, 3.516e-11, 3.79e-11, 5.798e-14, 6.184e-14
     59708.1049, 3.511e-11, 3.784e-11, 5.782e-14, 6.161e-14
     59708.1052, 3.514e-11, 3.793e-11, 5.802e-14, 6.201e-14
     59708.1055, 3.512e-11, 3.795e-11, 5.797e-14, 6.204e-14
     59708.1058, 3.513e-11, 3.8e-11, 5.789e-14, 6.373e-14
     59708.1061, 3.512e-11, 3.791e-11, 5.798e-14, 6.179e-14
     59708.1064, 3.514e-11, 3.794e-11, 5.793e-14, 6.179e-14
     59708.1067, 3.505e-11, 3.791e-11, 5.959e-14, 6.182e-14
      59708.107, 3.504e-11, 3.797e-11, 5.778e-14, 6.202e-14
     59708.1073, 3.512e-11, 3.798e-11, 5.785e-14, 6.196e-14
     59708.1076, 3.509e-11, 3.798e-11, 5.781e-14, 7.12e-14
     59708.1079, 3.506e-11, 3.796e-11, 5.774e-14, 6.2e-14
     59708.1082, 3.505e-11, 3.8e-11, 5.786e-14, 6.213e-14
     59708.1085, 3.507e-11, 3.798e-11, 5.785e-14, 6.189e-14
     59708.1088, 3.504e-11, 3.801e-11, 5.765e-14, 6.211e-14
     59708.1091, 3.507e-11, 3.801e-11, 5.778e-14, 6.198e-14
     59708.1094, 3.506e-11, 3.803e-11, 5.785e-14, 6.225e-14
     59708.1097, 3.508e-11, 3.802e-11, 5.771e-14, 6.21e-14
       59708.11, 3.504e-11, 3.803e-11, 5.792e-14, 6.196e-14
     59708.1103, 3.509e-11, 3.808e-11, 5.801e-14, 6.218e-14
     59708.1106, 3.503e-11, 3.806e-11, 5.763e-14, 6.211e-14
     59708.1109, 3.51e-11, 3.805e-11, 5.804e-14, 6.198e-14
     59708.1112, 3.506e-11, 3.809e-11, 5.775e-14, 6.223e-14
     59708.1115, 3.504e-11, 3.809e-11, 5.784e-14, 6.221e-14
     59708.1118, 3.502e-11, 3.812e-11, 5.768e-14, 6.246e-14
     59708.1121, 3.505e-11, 3.818e-11, 5.789e-14, 6.385e-14
     59708.1124, 3.504e-11, 3.82e-11, 5.769e-14, 6.251e-14
     59708.1127, 3.508e-11, 3.815e-11, 5.795e-14, 6.217e-14
      59708.113, 3.5e-11, 3.811e-11, 5.761e-14, 6.227e-14
     59708.1133, 3.503e-11, 3.819e-11, 5.775e-14, 6.219e-14
     59708.1136, 3.509e-11, 3.815e-11, 5.792e-14, 6.219e-14
     59708.1139, 3.505e-11, 3.82e-11, 5.781e-14, 6.252e-14
     59708.1142, 3.502e-11, 3.814e-11, 5.768e-14, 6.21e-14
     59708.1145, 3.503e-11, 3.821e-11, 5.771e-14, 6.238e-14
     59708.1148, 3.502e-11, 3.827e-11, 5.769e-14, 6.268e-14
     59708.1152, 3.505e-11, 3.825e-11, 5.787e-14, 6.25e-14
     59708.1155, 3.498e-11, 3.824e-11, 5.774e-14, 6.238e-14
     59708.1158, 3.504e-11, 3.826e-11, 5.767e-14, 6.242e-14
     59708.1161, 3.499e-11, 3.829e-11, 5.762e-14, 6.251e-14
     59708.1164, 3.501e-11, 3.832e-11, 5.763e-14, 6.268e-14
     59708.1167, 3.501e-11, 3.828e-11, 5.758e-14, 6.356e-14
      59708.117, 3.504e-11, 3.833e-11, 5.783e-14, 6.271e-14
     59708.1173, 3.5e-11, 3.839e-11, 6.928e-14, 6.293e-14
     59708.1176, 3.5e-11, 3.839e-11, 5.757e-14, 6.281e-14
     59708.1179, 3.5e-11, 3.839e-11, 5.78e-14, 6.267e-14
     59708.1182, 3.501e-11, 3.84e-11, 5.981e-14, 6.269e-14
     59708.1185, 3.5e-11, 3.84e-11, 5.776e-14, 6.298e-14
     59708.1188, 3.505e-11, 3.842e-11, 5.781e-14, 6.285e-14
     59708.1191, 3.503e-11, 3.842e-11, 5.774e-14, 6.286e-14
     59708.1194, 3.506e-11, 3.843e-11, 5.786e-14, 6.278e-14
     59708.1197, 3.504e-11, 3.853e-11, 5.774e-14, 6.307e-14
       59708.12, 3.502e-11, 3.848e-11, 5.776e-14, 6.309e-14
     59708.1203, 3.504e-11, 3.853e-11, 5.784e-14, 6.283e-14
     59708.1206, 3.5e-11, 3.859e-11, 5.776e-14, 6.422e-14
     59708.1209, 3.503e-11, 3.851e-11, 5.781e-14, 6.303e-14
     59708.1212, 3.501e-11, 3.853e-11, 5.778e-14, 6.295e-14
     59708.1215, 3.505e-11, 3.862e-11, 5.784e-14, 6.35e-14
     59708.1218, 3.503e-11, 3.858e-11, 5.792e-14, 6.302e-14
     59708.1221, 3.499e-11, 3.862e-11, 5.78e-14, 6.337e-14
     59708.1224, 3.499e-11, 3.864e-11, 5.777e-14, 6.332e-14
     59708.1227, 3.505e-11, 3.869e-11, 5.783e-14, 6.362e-14
      59708.123, 3.506e-11, 3.87e-11, 5.792e-14, 6.351e-14
     59708.1233, 3.502e-11, 3.869e-11, 5.779e-14, 6.345e-14
     59708.1236, 3.501e-11, 3.871e-11, 5.784e-14, 6.36e-14
     59708.1239, 3.501e-11, 3.868e-11, 5.775e-14, 6.316e-14
     59708.1242, 3.502e-11, 3.865e-11, 5.792e-14, 6.313e-14
     59708.1245, 3.504e-11, 3.881e-11, 5.791e-14, 6.374e-14
     59708.1248, 3.501e-11, 3.878e-11, 5.803e-14, 6.357e-14
     59708.1251, 3.502e-11, 3.88e-11, 5.783e-14, 6.349e-14
     59708.1254, 3.507e-11, 3.882e-11, 5.818e-14, 6.346e-14
     59708.1257, 3.5e-11, 3.881e-11, 5.772e-14, 6.362e-14
      59708.126, 3.505e-11, 3.881e-11, 5.792e-14, 6.345e-14
     59708.1263, 3.502e-11, 3.89e-11, 5.802e-14, 6.383e-14
     59708.1266, 3.502e-11, 3.89e-11, 5.778e-14, 6.479e-14
     59708.1269, 3.501e-11, 3.894e-11, 5.795e-14, 6.378e-14
     59708.1272, 3.501e-11, 3.895e-11, 5.783e-14, 6.381e-14
     59708.1275, 3.5e-11, 3.898e-11, 5.775e-14, 6.413e-14
     59708.1278, 3.5e-11, 3.896e-11, 5.778e-14, 6.377e-14
     59708.1281, 3.498e-11, 3.894e-11, 5.78e-14, 6.373e-14
     59708.1284, 3.502e-11, 3.895e-11, 5.782e-14, 6.383e-14
     59708.1287, 3.503e-11, 3.9e-11, 5.8e-14, 6.409e-14
      59708.129, 3.502e-11, 3.904e-11, 5.785e-14, 6.407e-14
     59708.1293, 3.506e-11, 3.898e-11, 5.804e-14, 6.368e-14
     59708.1296, 3.506e-11, 3.903e-11, 5.804e-14, 6.397e-14
     59708.1662, 3.531e-11, 4.072e-11, 5.788e-14, 6.644e-14
     59708.1665, 3.532e-11, 4.077e-11, 5.8e-14, 6.663e-14
     59708.1668, 3.535e-11, 4.077e-11, 5.799e-14, 6.651e-14
     59708.1671, 3.534e-11, 4.074e-11, 5.811e-14, 6.667e-14
     59708.1674, 3.539e-11, 4.078e-11, 5.813e-14, 6.656e-14
     59708.1677, 3.531e-11, 4.075e-11, 5.787e-14, 6.684e-14
      59708.168, 3.537e-11, 4.082e-11, 5.803e-14, 6.674e-14
     59708.1683, 3.538e-11, 4.081e-11, 5.814e-14, 6.677e-14
     59708.1686, 3.538e-11, 4.075e-11, 5.819e-14, 6.677e-14
     59708.1689, 3.537e-11, 4.075e-11, 5.81e-14, 6.649e-14
     59708.1692, 3.539e-11, 4.082e-11, 5.807e-14, 6.678e-14
     59708.1695, 3.542e-11, 4.076e-11, 5.829e-14, 6.658e-14
     59708.1698, 3.549e-11, 4.08e-11, 5.834e-14, 6.672e-14
     59708.1701, 3.54e-11, 4.079e-11, 5.809e-14, 6.643e-14
     59708.1704, 3.54e-11, 4.077e-11, 5.806e-14, 6.65e-14
     59708.1707, 3.543e-11, 4.083e-11, 5.807e-14, 6.658e-14
      59708.171, 3.544e-11, 4.086e-11, 5.826e-14, 6.696e-14
     59708.1713, 3.539e-11, 4.082e-11, 5.811e-14, 6.669e-14
     59708.1716, 3.541e-11, 4.078e-11, 5.806e-14, 6.652e-14
     59708.1719, 3.541e-11, 4.085e-11, 5.811e-14, 6.675e-14
     59708.1722, 3.545e-11, 4.084e-11, 5.807e-14, 6.67e-14
     59708.1725, 3.544e-11, 4.083e-11, 5.818e-14, 6.695e-14
     59708.1728, 3.546e-11, 4.084e-11, 5.816e-14, 6.664e-14
     59708.1731, 3.546e-11, 4.083e-11, 5.798e-14, 6.674e-14
     59708.1734, 3.551e-11, 4.082e-11, 5.839e-14, 6.661e-14
     59708.1737, 3.548e-11, 4.084e-11, 5.831e-14, 6.682e-14
     59708.1741, 3.548e-11, 4.088e-11, 5.812e-14, 6.696e-14
     59708.1744, 3.548e-11, 4.082e-11, 5.819e-14, 6.688e-14
     59708.1747, 3.547e-11, 4.085e-11, 5.816e-14, 6.684e-14
      59708.175, 3.549e-11, 4.087e-11, 5.823e-14, 6.692e-14
     59708.1753, 3.546e-11, 4.085e-11, 5.809e-14, 6.704e-14
     59708.1756, 3.553e-11, 4.087e-11, 5.828e-14, 6.679e-14
     59708.1759, 3.547e-11, 4.085e-11, 6.038e-14, 6.775e-14
     59708.1762, 3.55e-11, 4.087e-11, 5.815e-14, 6.674e-14
     59708.1765, 3.55e-11, 4.087e-11, 5.812e-14, 6.672e-14
     59708.1768, 3.549e-11, 4.084e-11, 5.815e-14, 6.66e-14
     59708.1771, 3.554e-11, 4.086e-11, 5.84e-14, 6.682e-14
     59708.1774, 3.55e-11, 4.084e-11, 5.808e-14, 6.654e-14
     59708.1777, 3.552e-11, 4.083e-11, 5.833e-14, 6.677e-14
      59708.178, 3.554e-11, 4.088e-11, 5.843e-14, 6.688e-14
     59708.1783, 3.554e-11, 4.082e-11, 5.825e-14, 6.68e-14
     59708.1786, 3.562e-11, 4.084e-11, 5.857e-14, 6.672e-14
     59708.1789, 3.558e-11, 4.081e-11, 5.825e-14, 6.666e-14
     59708.1792, 3.554e-11, 4.088e-11, 6.064e-14, 6.695e-14
     59708.1795, 3.557e-11, 4.085e-11, 5.833e-14, 6.68e-14
     59708.1798, 3.557e-11, 4.086e-11, 6.063e-14, 6.675e-14
     59708.1801, 3.555e-11, 4.081e-11, 5.815e-14, 6.663e-14
     59708.1804, 3.558e-11, 4.083e-11, 5.826e-14, 6.669e-14
     59708.1807, 3.561e-11, 4.084e-11, 5.854e-14, 6.676e-14
      59708.181, 3.563e-11, 4.086e-11, 5.841e-14, 6.681e-14
     59708.1813, 3.561e-11, 4.081e-11, 5.838e-14, 6.657e-14
     59708.1816, 3.567e-11, 4.087e-11, 5.863e-14, 6.686e-14
     59708.1819, 3.565e-11, 4.084e-11, 5.857e-14, 6.697e-14
     59708.1822, 3.565e-11, 4.085e-11, 5.857e-14, 6.695e-14
     59708.1825, 3.561e-11, 4.079e-11, 5.845e-14, 6.658e-14
     59708.1828, 3.561e-11, 4.081e-11, 5.849e-14, 6.668e-14
     59708.1831, 3.564e-11, 4.081e-11, 5.868e-14, 6.66e-14
     59708.1834, 3.561e-11, 4.082e-11, 5.829e-14, 6.661e-14
     59708.1837, 3.56e-11, 4.081e-11, 5.825e-14, 6.662e-14
      59708.184, 3.569e-11, 4.081e-11, 5.869e-14, 6.778e-14
     59708.1843, 3.568e-11, 4.078e-11, 5.881e-14, 6.675e-14
     59708.1846, 3.566e-11, 4.083e-11, 5.868e-14, 6.678e-14
     59708.1849, 3.563e-11, 4.083e-11, 5.829e-14, 6.681e-14
     59708.1852, 3.566e-11, 4.084e-11, 5.845e-14, 6.678e-14
     59708.1855, 3.57e-11, 4.083e-11, 5.882e-14, 6.674e-14
     59708.1858, 3.567e-11, 4.083e-11, 6.096e-14, 6.674e-14
     59708.1861, 3.566e-11, 4.084e-11, 5.844e-14, 6.694e-14
     59708.1864, 3.575e-11, 4.083e-11, 5.869e-14, 6.672e-14
     59708.1867, 3.573e-11, 4.084e-11, 6.845e-14, 6.692e-14
      59708.187, 3.571e-11, 4.087e-11, 5.851e-14, 6.701e-14
     59708.1873, 3.577e-11, 4.089e-11, 6.126e-14, 6.691e-14
     59708.1876, 3.577e-11, 4.089e-11, 5.881e-14, 6.694e-14
     59708.1879, 3.572e-11, 4.09e-11, 5.856e-14, 6.704e-14
     59708.1882, 3.576e-11, 4.093e-11, 5.866e-14, 6.704e-14
     59708.1885, 3.577e-11, 4.089e-11, 5.902e-14, 6.706e-14
     59708.1888, 3.572e-11, 4.085e-11, 5.861e-14, 6.668e-14
     59708.1891, 3.575e-11, 4.091e-11, 5.874e-14, 6.714e-14
     59708.1894, 3.577e-11, 4.091e-11, 5.868e-14, 6.716e-14
     59708.1897, 3.577e-11, 4.088e-11, 5.891e-14, 6.679e-14
       59708.19, 3.577e-11, 4.089e-11, 5.87e-14, 6.695e-14
     59708.1903, 3.582e-11, 4.085e-11, 5.895e-14, 6.693e-14
     59708.1906, 3.576e-11, 4.087e-11, 5.877e-14, 6.705e-14
     59708.1909, 3.58e-11, 4.089e-11, 5.91e-14, 6.706e-14
     59708.1912, 3.575e-11, 4.089e-11, 5.873e-14, 6.693e-14
     59708.1915, 3.58e-11, 4.094e-11, 5.875e-14, 6.721e-14
     59708.1918, 3.581e-11, 4.096e-11, 5.898e-14, 6.735e-14
     59708.1921, 3.583e-11, 4.09e-11, 5.902e-14, 6.693e-14
     59708.1924, 3.583e-11, 4.096e-11, 5.895e-14, 6.738e-14
     59708.1927, 3.577e-11, 4.092e-11, 5.871e-14, 6.693e-14
      59708.193, 3.584e-11, 4.093e-11, 5.898e-14, 6.711e-14
     59708.1933, 3.587e-11, 4.092e-11, 5.899e-14, 6.68e-14
     59708.1936, 3.583e-11, 4.09e-11, 5.886e-14, 6.69e-14
     59708.1939, 3.582e-11, 4.097e-11, 5.896e-14, 6.719e-14
     59708.1942, 3.582e-11, 4.1e-11, 6.109e-14, 6.735e-14
     59708.1945, 3.582e-11, 4.098e-11, 5.889e-14, 6.709e-14
     59708.1948, 3.589e-11, 4.09e-11, 5.89e-14, 6.698e-14
     59708.1951, 3.585e-11, 4.094e-11, 5.893e-14, 6.697e-14
     59708.1954, 3.584e-11, 4.095e-11, 5.884e-14, 6.726e-14
     59708.1957, 3.592e-11, 4.098e-11, 5.918e-14, 6.727e-14
      59708.196, 3.589e-11, 4.1e-11, 5.896e-14, 6.74e-14
